guid	text_a	most-value	in-decrease	speci	cmp	more-less	trend
1-0	2010年四个省份地理数据统计情况表。下列各题。①、②、③、④四个省份对应正确的是	1	0	0	0	1	0
1-1	2010年四个省份地理数据统计情况表。下列各题。下列关于各省的说法不正确的	1	0	0	0	1	0
33-0	我国两城市的甲乙两家庭人口住房收入等条件相当各月用电量比较图”。完成下列各题。家庭用电量与所在地气候状况存在一定的相关性。下列说法正确的是	1	0	0	0	0	0
57-0	水量盈余率是衡量水库蓄水量变化的重要指标水量盈余率流入量流出量)，为北半球某水库多年平均水量盈余率季节变化图。，结合所学知识完成下列各题。该水库的最高水位一般出现在	0	0	1	0	0	0
57-1	水量盈余率是衡量水库蓄水量变化的重要指标水量盈余率流入量流出量)，为北半球某水库多年平均水量盈余率季节变化图。，结合所学知识完成下列各题。根据降水量各月的分配情况，该水库所处的区域属于	0	0	1	0	0	0
154-0	1983-2003年江苏省年平均气温变化图完成小题。1983-2003年，江苏省年平均气温变化的总体趋势是(　　)	0	0	0	0	0	1
175-0	是北半球亚热带某地降水量逐月累计曲线图。完成下列问题。该地冬季主要受	0	1	0	0	1	0
195-0	地­-气系统大气和地面吸收太阳短波辐射能量收入)，又向外发射长波辐射能量支出)，能量收支的差值，称为辐射差额。为沿海某地多年平均辐射差额的月份分配图。，下列各题。若只考虑辐射差额对气温的影响，该地气温最低的月份是	0	0	1	0	0	0
195-1	地­-气系统大气和地面吸收太阳短波辐射能量收入)，又向外发射长波辐射能量支出)，能量收支的差值，称为辐射差额。为沿海某地多年平均辐射差额的月份分配图。，下列各题。关于该地区的叙述，正确的是	0	0	1	0	0	0
213-0	生产过程中产生大量污染物的产业为污染密集型产业。表2为2001-2010年江苏省三大区域污染密集型产业产值增长速度(％)，据此下列问题。江苏省三大区域污染密集型产业	1	1	0	0	0	0
215-0	百度迁徙是利用百度LBS基于位置服务开放平台进行计算用于展现人口大迁徙轨迹与特征。为2014年春节假期前后某日百度迁徙地图，为此期间部分大城市日迁移人数占同日全国迁移人口的百分比。据此下列问题。在春节假期1月30日-2月5日期间，人口迁移对表1中所列城市造成的影响可能有	0	0	0	1	0	0
253-0	学生地理兴趣小组对某小流域进行水土流失的调查，根据图文资料下列各题。是同学根据调查结果绘制的坡度与单位面积产沙量关系曲线，其中符合水土流失一般规律的是	0	0	0	0	1	0
266-0	清洁能源是指不排放污染物的能源。为2007-2010年中国电力各细分行业发电量占比图表。据此小题。2010年中国清洁能源发电主要集中在(　　)。	0	0	0	1	0	0
316-0	我国北方某地区部分资料表下列各题。导致该地区20年来粮食平均亩产量下降的主要原因是(　　)	0	1	0	0	0	0
316-1	我国北方某地区部分资料表下列各题。下列有关该地区农业可持续发展的方向的叙述，正确的是(　　)	0	1	0	0	0	0
323-0	北京时间2012年6月18日14时许，中国神舟九号飞船与天宫一号飞行器首次载人交会对接成功。航天员在天宫内生活了10天。是该期间某地某天的太阳高度变化情况。完成下列各题。该地的地理纬度是	1	0	0	0	0	0
340-0	产业贡献率指各产业增加值增量与GDP增量之比，是北京市的2001-2012年三次产业贡献率统计图。完成下题。下列有关北京市三次产业的说法正确的是	1	0	1	1	0	0
396-0	2012年社会蓝皮书指出，2011年中国城镇人口占总人口的比重，数千年来首次超过农业人口，达到51.27%。我国某省市区城人口统计表，下列各题。表格数据所代表的省市区最可能是	0	1	0	0	1	0
407-0	为经济发展程度与人口迁移数量的关系曲线分别表示乡村之间城市之间乡村到城市城市到乡村四种人口迁移类型示意图。完成小题。图中曲线表示乡村之间城市之间乡村到城市城市到乡村的分别是(　　)	0	0	0	0	0	1
407-1	为经济发展程度与人口迁移数量的关系曲线分别表示乡村之间城市之间乡村到城市城市到乡村四种人口迁移类型示意图。完成小题。曲线③代表人口迁移现象，在下列城市中体现最明显的是(　　)	0	0	0	0	0	1
468-0	表示我国某地某日观测记录的到达地面的太阳辐射日变化。完成小题。该日日期及天气状况可能是(　　)　　　　　　　　　　　　　　　　	0	0	1	0	0	0
542-0	寒假，王教授回老家过年。在其家乡县城某路口统计了车流量和车辆信息，情况如下表。据此下列各题。从表中信息，可以确定	0	0	0	1	1	0
542-1	寒假，王教授回老家过年。在其家乡县城某路口统计了车流量和车辆信息，情况如下表。据此下列各题。若车辆构成的变化是由于外出务工人员回家，结合材料可以推测，王教授的老家是	0	0	0	1	0	0
548-0	近两年美国都力压中国，是世界第一大对外直接投资接受国。波士顿咨询公司就预测称，多个行业的制造业将回归美国，所涉及产值约占美国从中国进口额的30%。中美两国每公斤纺纱成本价单位：美元对比表，完成下列各题。导致美国每公斤纺纱成本较低的因素有①劳动力价格②贸易壁垒③原料价格④优惠政策	0	0	0	1	0	0
588-0	2013年12月上旬，长三角地区出现罕见的雾霾。反映绍兴某日近地面的PM2.5指数变化指数越大污染越严重）。完成下列各题。该日午后PM2.5指数低，其原因最可能是	0	0	0	0	1	0
636-0	工业化与城市化是推动区域经济社会发展的主要动力，某国工业化与城市化进程图，下列问题。有关该国工业化和城市化进程特点的叙述，正确的是	0	1	1	1	0	0
660-0	我国华南某城市2012年PM2.5月变化统计图，完成下列各题。该城市夏季PM2.5含量数值全年最低的主要原因是	1	0	0	0	0	0
666-0	美国底特律市人口数量变化图，完成下列各题。下列年份中，该市人口数量最多的是	0	0	1	0	0	0
690-0	示意1978一2004年黑龙江垦区粮食总产量与水稻产量的变化。下列各题。该地区粮食结构变化最可能导致该地区	0	0	0	1	0	1
711-0	是某水库流入水量和流出水量在一年中的变化情况。下列小题。该水库蓄水的最高水位出现在	0	0	0	1	0	0
711-1	是某水库流入水量和流出水量在一年中的变化情况。下列小题。该水库可能位于	0	0	0	0	1	0
741-0	我国汽车保有量迅速增长，方便人们生活的同时也给城市带来巨大的压力。为某城市主要干道市区与郊区之间双向车速变化曲线图完成下列各题。关于图中①、②曲线所反映现象的说法，正确的是	0	0	0	0	1	0
765-0	全球气温变化图完成下列各题。该图反映的地理现象是	0	0	0	0	0	1
765-1	全球气温变化图完成下列各题。该图反映的现象直接导致的后果是	0	0	0	0	0	1
774-0	所示河流以雨水补给为主。。该河流可能位于	1	0	0	0	0	0
788-0	为中国不含港澳台俄罗斯澳大利亚小麦出口量随年代变化示意图。下列问题。曲线甲乙丙代表的国家分别为	0	0	0	0	1	1
833-0	我国某省人口变化统计表。，完成下题。该省区最可能是	0	1	1	0	0	0
833-1	我国某省人口变化统计表。，完成下题。该省区在1990-2010年期间	0	1	1	0	0	0
842-0	我国劳动人口15-64岁增长率变化预测图，下列问题。我国劳动力人口达到顶峰的时间大约是	0	0	1	0	0	0
913-0	PM2.5是指大气中直径小于或等于2.5微米的颗粒物，是造成雾霾天气的主要原因。为北京市某日PM2.5浓度变化示意图”。下列各题。图中PM2.5浓度高峰出现时段	1	0	0	0	0	0
998-0	为中国劳动适龄人口15-64岁比重预测图”。完成下列问题。对2010年后劳动适龄人口比重下降趋势的预测是基于（　　）	0	1	0	0	0	0
1068-0	我国城市面积和城市人口增长率折线图，下列各小题。图中反应了我国城市化发展过程中	0	0	0	1	0	0
1119-0	世界中国印度德国人口年龄构成和抚养比2008年统计表。抚养比指0一14岁和65岁及以上人口与15-64岁人口之比。据此完成下列各题。世界中国印度德国依次与表中代号对应正确的一组是	1	0	0	1	0	0
1119-1	世界中国印度德国人口年龄构成和抚养比2008年统计表。抚养比指0一14岁和65岁及以上人口与15-64岁人口之比。据此完成下列各题。②国抚养比低的最主要原因是	1	0	0	0	0	0
1121-0	某种农作物生长期约2个月，前期1个月最适宜温度15-18℃，后期1个月最适宜温度12-14℃。是种植该作物的甲乙两地气候资料。根据所给材料，下面各题。该作物在乙地的最佳收获月份	0	0	1	0	0	0
1121-1	某种农作物生长期约2个月，前期1个月最适宜温度15-18℃，后期1个月最适宜温度12-14℃。是种植该作物的甲乙两地气候资料。根据所给材料，下面各题。与甲地相比，乙地种植该作物	0	0	0	1	0	0
1150-0	年龄中位数指将全体人口按年龄大小的自然顺序排列时居于中间位置的人的年龄数值，在这个年龄数值以上的人数和以下的人数相等。下面表格示意2010年部分国家及世界人口平均年龄中位数单位：岁）。，据所学知识完成下列问题从表中可分析得到的正确结论是	0	0	0	1	0	0
1150-1	年龄中位数指将全体人口按年龄大小的自然顺序排列时居于中间位置的人的年龄数值，在这个年龄数值以上的人数和以下的人数相等。下面表格示意2010年部分国家及世界人口平均年龄中位数单位：岁）。，据所学知识完成下列问题中国已经进入现代型人口增长阶段，但当前乃至今后一段时期内劳动力就业形势非常严峻。这是因为	0	0	0	1	0	0
1178-0	地理集中度表示产业在区域空间的集聚程度，数值越小，集中度越低，反之越高。我国三大产业的地理集中度变化曲线图，完成第下题。近30年以来，我国三大产业空间格局呈现的变化是	0	0	0	0	0	1
1204-0	我国不同时期的城市用地年平均增长率与城市人口年平均增长率统计表。据表下列各题。1985-2011年我国城市人口人均城市用地总体变化趋势为	0	0	1	0	0	0
1278-0	为成都30.7°N，104°E日出时刻7时零4分北京时间这一天，世界四个著名城市与成都正午太阳高度差值H和日出时间差值T图图中正午太阳高度大于成都为正，小于为负日出时间早于成都为正，晚于为负)，问题。图中①、②、③、④依次代表的城市，正确的一组是	1	0	0	0	0	0
1329-0	是某半球中纬度一条河流上游水文站和下游水文站测得的径流量随季节变化曲线，下题。从图中可以看出	0	0	0	0	1	1
1398-0	地-气系统大气和地面吸收太阳短波辐射能量收入)，又向外发射长波辐射能量支出)，能量收支的差值，称为辐射差额。示意沿海某地多年平均辐射差额的月份分配。结合材料完成下列问题若只考虑辐射差额对气温的影响，该地气温最低的月份是	1	0	1	0	0	0
1537-0	表示我国某地某日到达地面的太阳辐射日变化状况。下列问题。该日日期及天气状况可能是	0	0	1	0	1	0
1578-0	拉萨河流拥有丰富的物质文化和非物质文化资源，拉萨位于宽阔的拉萨河谷地北侧。为拉萨7月降水量日平均变化图。完成下列各题。有关拉萨7月降水日变化成因的叙述，正确的是	0	0	0	0	1	0
1590-0	海底深度与其岩石年龄关系图，下列各题。甲处的岩石类型和地形分别是	0	0	0	0	0	1
1595-0	水量盈余率是衡量水库蓄水量变化的重要指标水量盈余率流入量/流出量），某水库各月水量盈余率统计表”。完成下列各题。下列说法正确的是	0	0	1	0	0	0
1620-0	为北半球某地某日的太阳高度变化示意图。完成下列问题。该地的地理坐标是	1	0	1	0	0	0
1638-0	2012年12月26日京广高铁正式开通运营。某日高铁与航空运输比较表），下列问题。从资料中分析可知，四个区间中高铁与航空运输竞争最激烈的是	0	0	0	1	0	0
1646-0	生物质能是以生物为载体，将大阳能以化学能形式储存的一种能量，它直接或间接地来源于植物的光合作用。我国三个省区生物质能资源状况表，下列问题。浙江和江苏的薪柴总量相差很大，但生物质能满足状况相差较小，主要原因是	0	0	0	1	0	0
1646-1	生物质能是以生物为载体，将大阳能以化学能形式储存的一种能量，它直接或间接地来源于植物的光合作用。我国三个省区生物质能资源状况表，下列问题。新疆的生物质能资源远不能满足需求，其最主要原因是	0	0	0	0	1	0
1665-0	我国第六次人口普查时山东省某市迁入入口年龄及性别统计表”。完成下列各题。该市迁入人口的特征有	0	0	0	1	1	0
1667-0	AB两地终年盛行西风且纬度相当，分析两地的气候资料，完成下列问题。根据资料推断A地的典型植被类型是	0	0	1	0	1	0
1667-1	AB两地终年盛行西风且纬度相当，分析两地的气候资料，完成下列问题。下列有关A与B地气候特点的比较，正确的是	0	0	0	1	1	1
1695-0	图为1982-2010年某大都市人口密度对数分布的变化图数值越大，表示人口密度越大，完成下题。1982-2010年间，该市人口密度的变化，正确的是	0	1	0	1	0	0
1695-1	图为1982-2010年某大都市人口密度对数分布的变化图数值越大，表示人口密度越大，完成下题。图示人口密度对数值的变化说明该市	0	0	0	1	0	0
1802-0	我国某地某时段气温变化示意图，下列问题。经过该地该时段的天气系统可能是	0	1	0	0	0	0
1802-1	我国某地某时段气温变化示意图，下列问题。该地太阳能热水器使用效果最差的日期是	0	0	0	1	0	0
1853-0	为我国2006年至2012年粮食作物产量及粮食作物播种面积增长率。完成下列问题。图中信息反映出	0	1	1	0	0	0
1853-1	为我国2006年至2012年粮食作物产量及粮食作物播种面积增长率。完成下列问题。从图中导致中国粮食作物产量变化的最主要原因是	0	0	0	1	0	0
1906-0	示意近年来珠江三角洲城市群热岛强度的时间分布。下列问题。导致该城市群大部分时间热岛强度夜大于昼的主要因素是	0	0	0	1	1	0
1911-0	抚养比又称抚养系数，是指在人口当中，非劳动年龄人口对劳动年龄人口数之比。广东省两次全国人口普查统计表。据此完成下列问题。根据表格数据推断	0	1	0	0	0	0
2024-0	为我国某城市某日内太阳辐射地面辐射和气温变化示意图，完成下列各题。太阳辐射地面辐射和气温变化曲线分别对应的是	1	0	1	1	0	0
2024-1	为我国某城市某日内太阳辐射地面辐射和气温变化示意图，完成下列各题。该地该日可能是	0	0	1	1	0	0
2053-0	径流系数就是某一时期的径流量毫米与这一时期的降水量毫米之比，用百分率表示，它能反映一个地区降水量有多少变成径流补给河流，有多少被蒸发或下渗。我国部分地区的径流系数，根据数据，下列各题。根据的数据，分析得出	0	0	0	1	1	0
2067-0	北半球某河流上下游径流量季节变化曲线图完成下列各题。该河上下游水源，最主要的补给方式，分别是	0	0	0	0	1	0
2113-0	塔里木河年径流损耗量多年变化图下列各题。塔里木河年径流损耗量的特点有①总体年径流损耗量表现出递增趋势②上游年径流损耗量总体增加趋势明显③中下游的年径流量总体递减趋势显著④以下游损耗为主	0	1	0	0	0	1
2127-0	一听是萌兽，一看是猛兽。玉兔是传说，天兔却不是”。2013年9月22日19时40分前后，今年第19号强台风天兔的中心在广东省汕尾市沿海登陆，给附近地区带来狂风暴雨。下列问题图为台风经过汕头时的风速变化图示意图，台风最接近该地是：	0	0	0	0	1	0
2179-0	为我国某地某月两日太阳高度日变化示意图”。，完成下列问题。该月(　　)	0	0	1	1	0	0
2220-0	我国某地某日测试记录的到达地面的太阳辐射日变化示意图。完成下列各题该日日期及天气状况可能是	0	1	1	0	0	0
2220-1	我国某地某日测试记录的到达地面的太阳辐射日变化示意图。完成下列各题该地可能位于	0	0	1	0	0	0
2224-0	我国某城市学生连续三天实测日出日落时刻北京时间和正午标杆影长记录表据此完成下列各题。此时段	0	1	0	0	0	0
2331-0	某学生收集了当地甲与姐姐留学所在地乙的全年每一天的昼长资料，并绘成图）。完成下列各题。已知甲乙两地纬度相差20°，则甲乙两地有可能分别是	1	0	0	0	0	0
2370-0	中国印度俄罗斯美国四个国家2008年每日的石油生产消费输出输入统计表，下列问题。从上表，哪国国内每日石油现货呈现不足的情形	0	0	0	0	0	0
2370-1	中国印度俄罗斯美国四个国家2008年每日的石油生产消费输出输入统计表，下列问题。根据上袭，甲乙丙丁国家分别是	1	0	0	1	0	0
2413-0	老年抚养比是老年人口数65岁以上与劳动年龄人口数15-64岁之比。表I为甲乙两国人口老龄化趋势比较（%），据此完成下列问题。关于甲乙两国人口老龄化的，正确的是	0	0	0	1	0	0
2413-1	老年抚养比是老年人口数65岁以上与劳动年龄人口数15-64岁之比。表I为甲乙两国人口老龄化趋势比较（%），据此完成下列问题。2000-2010年甲国老年抚养比的增长快于老年人口比重的增长，可能是因为甲国	0	0	0	1	0	0
2457-0	为150°W某地全年白昼小时数曲线图。完成下列各题。该地一年中白昼最大差值约	1	0	0	0	0	0
2457-1	为150°W某地全年白昼小时数曲线图。完成下列各题。若图中b点这一天正值日出时，此时北京时间是	0	0	1	0	0	0
2477-0	6月某日，MP两地的太阳高度角示意图完成下列问题。关于两地方向的，正确的是	1	0	0	0	0	0
2477-1	6月某日，MP两地的太阳高度角示意图完成下列问题。关于Ｍ、Ｐ两地特点的叙述，正确的是	1	0	1	0	0	0
2502-0	甲乙两地点之间有三条道路相连。某地理活动小组测绘了这三条道路的纵向剖面图。，下列问题。甲乙两地点间高差大致为(　　)	1	0	0	0	0	0
2502-1	甲乙两地点之间有三条道路相连。某地理活动小组测绘了这三条道路的纵向剖面图。，下列问题。若使用大型运输车从乙地运送重型机械设备至甲地，最适合行车的是(　　)	0	0	0	0	0	1
2503-0	是MN两地太阳辐射的年变化示意图完成下列问题。M地最可能位于(　　)	1	0	1	0	0	1
2525-0	为中国不包括港澳台地区俄罗斯澳大利亚小麦出口量随年代变化示意图。以下问题。曲线甲乙丙代表的国家分别为	0	0	0	1	1	1
2525-1	为中国不包括港澳台地区俄罗斯澳大利亚小麦出口量随年代变化示意图。以下问题。乙国2002年小麦出口量突然下降，其原因最有可能是	0	0	0	0	1	0
2582-0	热岛强度是指中心城区比郊区气温高出的数值大小，是某大城市热岛强度日变化示意图。完成下列问题。有关该城市热岛强度的描述，正确的是	1	0	0	1	0	0
2592-0	四个不同地点的山地上某植被类型海拔高度分布表，下列问题。推断该植被类型是	0	0	0	0	0	0
2663-0	为我国某水库流入水量与流出水量年内变化情况，读后下列问题。该水库蓄水的最高水位出现在	0	0	0	1	0	0
2728-0	地表单位面积接受到的太阳辐射量随坡度不同而不同。某山地坡面七月份太阳辐射量图下列题。关于该山地坡向的叙述正确的是(　　)①阳坡　②阴坡　③迎风坡　④背风坡	0	1	0	1	0	0
2734-0	是北半球亚热带某地降水量逐月累计曲线图。完成下列问题。该地水循环最活跃的季节是	0	1	0	0	0	0
2780-0	中数字表示高雄开普敦淮北芝加哥四个城市。，下列各题：图中城市②是	0	0	1	0	0	0
2819-0	出生人口性别比，是每出生百名女婴相对的出生男婴数，联合国明确认定了出生性别比的通常值域为102-107之间，其他值域则被视为异常。我国部分年份出生人口性别比数据，完成下列各题。下列关于近些年我国人口性别比数据的说法正确的是：	0	0	1	0	0	1
2848-0	水足迹是指生产商品与服务所耗费的水资源数量，其中本国生产给本国消费的部分为内部水足迹，他国生产给本国消费的部分为外部水足迹。示意某国2012年的可更新水资源和水足迹情况。据此下列各题：根据资料可知该国	0	0	0	1	0	0
2865-0	我国两城市的甲乙两家庭人口住房收入等条件相当各月用电量比较图”。家庭用电量与所在地气候状况存在一定的相关性。下列说法正确的是	1	0	0	0	1	1
2869-0	某大城市居民出行时间分布比例变化图，完成下列问题。人员出行与图中曲线最相符的城市功能区是	0	0	0	0	1	0
2869-1	某大城市居民出行时间分布比例变化图，完成下列问题。与2000年相比2012年甲时段出行比例下降的主要原因是	0	0	0	1	0	0
2883-0	按照中长期铁路网规划》，我国将建设多条铁路快速客运通道。结合下面不同距离条件下高速铁路与航空运输两种运输方式的竞争关系模型图下列问题。由图可知，两种运输方式竞争最激烈的运距是	0	0	0	1	0	0
2903-0	我国10-14岁和55-59岁人口比重的变化图，下列问题。按照15-60岁为劳动力人口，我国劳动力人口比重最高的时段为	0	1	0	1	0	0
2903-1	我国10-14岁和55-59岁人口比重的变化图，下列问题。2014年前后，我国人口年龄结构变化带来的影响是	0	0	0	1	0	0
2937-0	读中日韩俄四国交通资料统计图表，下列各题。关于甲乙丙丁四国说法正确的是	0	0	1	0	1	0
2954-0	我国平均预期寿命变化图，下列正确选项1981-2010年我国平均预期寿命变化图	0	1	0	1	0	0
2960-0	2010年，上海市近郊区与远郊区人口密度分别为每平方千米4684人和1388人，比2000年分别增长80.2%和61.4%，郊区人口密度增幅远高于城区。结合下列问题。1978年到2009年，上海市郊区和城区制造业产值比重的变化以及近十年人口空间集聚的变化可以显示①城区工业用地大多转变为商业用地②城区居住用地大多转变为商业用地③郊区农业用地部分转变为工业用地④郊区农业用地部分转变为居住用地	0	1	0	0	0	0
3038-0	某城市面积变化过程示意图，下列各题。该城市最可能出现	0	1	0	1	0	0
3043-0	湖水中盐分含量的变化可以反映湖泊水位以及气候的变化，所示为青海湖近l2万年以来盐分含量的变化。下列问题。青海湖近12万年来，最低水位出现的时间距今约	1	0	0	0	0	0
3101-0	能源生产结构：某类能源的生产量占能源生产总量的比例。能源消费结构：某类能源的消费量占能源消费总量的比例。我国煤炭和石油生产与消费结构差下列问题。上图说明我国	0	1	1	0	0	0
3123-0	为我国西北半干旱区某牧场草场载畜量和实际放牧量变化曲线示意图”。草场载畜量指在适度利用的原则下，一定的草地面积，一定的利用时期内，能够维持草地良性生态循环并保证家畜正常生长发育繁殖的情况下，能饲养家畜的最大数量。，完成下列各题。1950年-1975年期间，草场载畜量发生波动的主要影响因素是	0	0	0	0	0	1
3123-1	为我国西北半干旱区某牧场草场载畜量和实际放牧量变化曲线示意图”。草场载畜量指在适度利用的原则下，一定的草地面积，一定的利用时期内，能够维持草地良性生态循环并保证家畜正常生长发育繁殖的情况下，能饲养家畜的最大数量。，完成下列各题。该牧场人地关系严重对立的年代及原因组合正确的是	0	0	0	0	1	0
3143-0	为我国沿30°N线附近地区叶面积指数的空间变化。叶面积指数是指单位土地面积上植物叶片面积总和占土地面积的倍数。，下列问题。分界线S以西区域内叶面积指数偏低的最主要原因是该区域	0	0	0	0	1	0
3143-1	为我国沿30°N线附近地区叶面积指数的空间变化。叶面积指数是指单位土地面积上植物叶片面积总和占土地面积的倍数。，下列问题。分界线S以东区域内叶面积指数的空间变化体现了	0	1	0	0	0	0
3214-0	是某日两地太阳高度变化，甲地位于35°S的地区，下列问题。关于甲乙二地描述正确的是	1	0	1	0	0	0
3231-0	为我国乡村和城市人口占总人口比重变化曲线图。下列各题。由图中信息可知	0	1	0	0	0	0
3260-0	PM2.5是指大气中直径小于或等于2.5微米的颗粒物。近年来华北地区冬半年雾霾天气多发，PM2.5浓度增加是重要的原因之一。北京市某日PM2.5浓度变化图完成下列问题。导致该地PM2.5浓度变化的首要污染源是	1	0	0	0	0	0
3368-0	区域下垫面变化对其水资源量的变化有着明显影响，1985年至2000年宁夏回族自治区下垫面演变情况表未列出耕地及变化的数据），据此下列各题。有关宁夏下垫面及其演变的正确的是	0	1	0	1	0	0
3382-0	随着生活节奏的加快，人们出行对时间因素考虑逐渐增多，时间因素可能成为选择交通方式的主导因素。三种交通运输方式从门到门所需时间示意图完成下列问题航空，高速公路，高铁离城区客源地的距离	0	0	0	1	0	0
3382-1	随着生活节奏的加快，人们出行对时间因素考虑逐渐增多，时间因素可能成为选择交通方式的主导因素。三种交通运输方式从门到门所需时间示意图完成下列问题就时间因素考虑高铁和航空公司有较大的竞争性的客源其旅程距离最可能为	0	0	1	1	0	0
3478-0	我国不同地区某年粮食生产效率表。，下列问题。表中所示生产成本和效能，资本效率最多和单产最低的地区分别是	1	0	0	0	0	0
3506-0	年龄中位数指将全体人口按年龄大小的自然顺序排列时居于中间位置的人的年龄数值，在这个年龄数值以上的人数和以下的人数相等。下面表格示意2010年部分国家及世界人口平均年龄中位数单位：岁）。，据所学知识完成下列各题从表中可分析得到的正确结论是	0	0	0	1	0	0
3541-0	中四条曲线代表发达国家与发展中国家的少年儿童人口系数0〜15岁少年儿童占总人口的比例和老龄人口系数60岁以上老人占总人口数的比例变化曲线。，下列各题。代表发展中国家少年儿童人口系数的是	1	1	0	1	0	0
3541-1	中四条曲线代表发达国家与发展中国家的少年儿童人口系数0〜15岁少年儿童占总人口的比例和老龄人口系数60岁以上老人占总人口数的比例变化曲线。，下列各题。结合材料信息和所学知识，下列结论正确的是	1	1	0	1	0	0
3600-0	北京和深圳是我国城市化进程对比较为明显的两个城市，有关两城市城市化的统计数据表城市化率等于暂住人口和户籍非农人口之和与总人口的比值）。据此完成下列问题。材料所示时段，北京和深圳城市化的主要表现是	0	0	0	1	0	0
3649-0	某地区城镇人口与乡村人口数量变化统计图。完成下列各题。有关该地图示时期城市人口与发展状况，叙述正确的是	0	1	0	0	0	0
3660-0	表是四个不同地区农业生产比较表”。据此完成下列问题。甲-丁对应的农业地域类型可能性最大的是	0	0	1	0	1	0
3691-0	城市居民出行耗时的多少与交通方式的选择和出行距离相关。我国某市和伦敦不同交通出行方式耗时表。据此完成下列问题。关于表中信息的，正确的是	1	0	0	1	0	0
3691-1	城市居民出行耗时的多少与交通方式的选择和出行距离相关。我国某市和伦敦不同交通出行方式耗时表。据此完成下列问题。为改善城市交通环境，提高居民的出行效率，我国某市今后应优先保障	1	0	0	0	0	0
3695-0	2011年我国部分省市经济增长状况统计表，完成下列各题。关于统计表中各省市2011年经济发展的比较，正确的是	1	0	1	1	0	0
3702-0	2010年第六次全国人口普查与2000年第五次全国人口普查数据变化表，据此完成下题。下列关于近10年来我国人口的变化特点中，叙述正确的是	0	0	1	1	0	0
3763-0	是我国不同产业地理集中程度机器变化趋势统计图基尼系数数值越高，表明地理集中程度或专业化程度越高），小题：20世纪80年代以来，分布从较为分散到显著集中的产业是	0	1	0	0	0	0
3775-0	在风力较小逆温相对湿度较低的情况下，随着悬浮颗粒物的增多而导致大气能见度小于10千米的现象叫霾。图为北京天津河北三省市各月霾日数变化图，完成小题。以下关于霾的时空分布，叙述正确的是	0	0	0	0	1	0
3775-1	在风力较小逆温相对湿度较低的情况下，随着悬浮颗粒物的增多而导致大气能见度小于10千米的现象叫霾。图为北京天津河北三省市各月霾日数变化图，完成小题。造成河北霾日数季节差异的原因可能是	0	0	0	0	1	0
3784-0	下面是我国人口增长走势及预测图，，题图中abc三条曲线依次表示	0	1	1	0	0	0
3784-1	下面是我国人口增长走势及预测图，，回答题根据图中曲线，下列说法正确的是	0	1	0	0	0	0
3796-0	为江苏省三大产业产值比重与城市人口比重的变化图。，回答题。图中曲线标注的序号与文字说明，对应正确的是	0	1	0	0	0	1
3796-1	为江苏省三大产业产值比重与城市人口比重的变化图。，回答题。图示曲线反映了	0	1	0	1	0	0
3971-0	1995-2009年我国某省级行政区户籍人口迁移变动情况图结合所学知识，完成题。1995-2009年，该省级行政区户籍人口(　　)	0	1	0	0	0	1
3997-0	图为某国四地四地相互之间大体等距离分布某种重要自然资源储量和需求量关系图。，回答题。四地间最有可能产生资源跨区域调配现象的是(　　)	0	0	1	0	0	0
4125-0	如图为日美德法四国人口老龄化趋势图，纵坐标为65岁以上人口比例。依据联合国的定义，65岁以上人口超过7%，即进入老龄化社会，而当比例超过14%时，就变成老龄社会。回答题。图中最早进入老龄社会的国家是	0	0	1	0	0	0
4125-1	如图为日美德法四国人口老龄化趋势图，纵坐标为65岁以上人口比例。依据联合国的定义，65岁以上人口超过7%，即进入老龄化社会，而当比例超过14%时，就变成老龄社会。回答题。图中人口老化最迅速的国家，由老龄化社会变成老龄社会，大约花了	0	0	1	0	0	0
4127-0	表示我国主要运输方式的运量和速度的特点。回答题。图中数字代表的运输方式为(　　)	1	0	0	1	0	0
4201-0	为我国能源生产消费总量与GDP重心在经度上的变化示意图小题。据图以下说法正确的是：	0	1	0	0	0	0
4423-0	该图为我国某地某水库多年平均月入库水量和月均水位变化图，完成问题。该水库的位置最可能的地区是	1	0	0	0	1	0
4423-1	该图为我国某地某水库多年平均月入库水量和月均水位变化图，完成问题。下列关于该水库所在区域的说法，正确的是	0	1	0	0	0	0
4582-0	香水百合是一种长日照花卉，其开花期对日照时长非常敏感。在自然状态下，当日照时长长于14小时30分钟时香水百合才进入开花期，花期约3个月左右。该表为北京市不同日期的日出日落时间北京时间）。据此完成问题。在自然状态下，香水百合在北京市进入开花期的时间可能是	0	0	0	1	0	0
4586-0	该表是我国某区域四季平均降水量和各等级降水量mm)，各等级降雨包含其它降水形式。据此完成下列问题。该区域的气候类型为	1	0	1	0	0	0
4750-0	该图为我国某省级行政区某年国内游客流量变化。完成问题。该省级行政区最可能是	0	0	0	0	1	0
4750-1	该图为我国某省级行政区某年国内游客流量变化。完成问题。关于该省级行政区游客流量的变化原因错误的是	0	1	0	0	0	0
4813-0	某特大城市某干道市区郊区双向车速变化曲线图完成问题。图中ab两曲线	0	0	0	0	1	0
4830-0	该图为我国三个流域水灾受灾比受水灾的县域个数与总县域个数的比值多年平均的月变化图”。问题。三个流域水灾受灾比的特点有：	0	0	0	0	1	0
4830-1	该图为我国三个流域水灾受灾比受水灾的县域个数与总县域个数的比值多年平均的月变化图”。问题。当黄河流域水灾受灾比出现峰值时：	1	0	0	0	0	0
4900-0	该图表示沿115°E经线春雨占全年降水的比重，问题。下列地区春雨比例最大的是	1	0	0	0	0	0
5000-0	中四条折线示意中国全世界发展中国家和发达国家的城市化水平及其变化趋势。完成问题。图中代表中国城市进程的折线是	0	1	0	0	1	0
5046-0	图3为我国某省人口出生率死亡率和自然增长率变化图。完成6-8题。出生率死亡率和自然增长率对应曲线依次为	0	0	0	1	0	0
5046-1	图3为我国某省人口出生率死亡率和自然增长率变化图。完成6-8题。关于该省人口变化的叙述，正确的是	0	1	0	1	0	1
5050-0	浙江省富阳市1955-2010年年平均气温变化示意图，据此18题。富阳市55年间，年平均气温变化特点是	0	0	0	0	0	1
5083-0	该表是XY地全年降水量实际蒸发量和可能蒸发量各月数据表，完成8-9题。Y地气候类型，最可能是	0	0	0	0	1	0
5083-1	该表是XY地全年降水量实际蒸发量和可能蒸发量各月数据表，完成8-9题。X地最可能分布在	0	0	0	1	0	0
5107-0	该图是北半球海洋热量收支分布曲线图。24-25题。关于海洋热量收入与支出的叙述，正确的是	0	0	0	0	1	0
5134-0	清洁能源是指不排放污染物的能源。图2为2007-2010年中国电力各细分行业发电量占比图表。据此3-4题。图可以看出，从2007年开始至2010年，关于中国电力各细分行业发电量占比叙述不正确的是	0	1	0	1	0	0
5153-0	作为一种清洁能源，风能的开发越来越受到人们的关注。陆地与海上风速统计图完成第7题。有关海上和陆地风速叙述正确的是	0	0	0	1	0	0
5168-0	表2是日本株式会社久保田是日本最大的农机制造商，在我国成立了多家农机生产销售和服务企业。表2是久保田农机信息吧统计的2010年我国部分地区小麦的收割时间。读后完成18-22题。四地小麦收割时间不同的主要影响因素是	0	0	0	1	0	0
5200-0	1-1某河流量过程线示意图”(该河以降水补给为主)，1-2题。该河流所在位置大致位于	0	0	0	0	1	0
5265-0	我国①、②两地某日日出日落时间表，3-4题。①地位于②地的	0	0	0	1	0	0
5270-0	表为世界中国印度德国人口年龄构成和抚养比2008年统计表。据此完成3-4题。①代表的是	1	0	0	1	0	0
5270-1	表为世界中国印度德国人口年龄构成和抚养比2008年统计表。据此完成3-4题。②国抚养比低的原因是	1	0	0	0	1	0
5359-0	国务院新闻办公室于2010年9月10日发表了中国的人力资源状况白皮书。图为中国的人力资源状况白皮书公布的我国2000-2009年就业人员从事产业的比例变化趋势图。，33-34题。下列叙述正确的是	0	0	0	1	0	0
5359-1	国务院新闻办公室于2010年9月10日发表了中国的人力资源状况白皮书。图为中国的人力资源状况白皮书公布的我国2000-2009年就业人员从事产业的比例变化趋势图。，33-34题。下列关于导致我国第一产业就业人员比例变化原因的叙述，正确的是	0	1	0	0	0	0
5373-0	区位基尼系数越大，产业集聚程度越高。中国6个典型制造业区位基尼系数表，25题。从表中可以看出，产业集聚程度较高的行业有	0	0	0	0	1	0
5385-0	图3为我国东南沿海某南北走向山脉东西坡两个风塔所测风速随高度变化图。，第5题。由图可判断出	0	1	0	1	0	0
5393-0	图9为冀晋鲁豫苏皖平均最长连续无降水日数历年变化图。据此15-16题。1989年，该地区下列现象不可信的是	0	0	1	0	0	0
5486-0	下为每冶炼一吨钢所需煤铁变化示意图，下列各题。1800年的钢铁工业	0	0	1	0	0	0
5563-0	我国不同地区2000年粮食生产效率表。下列各题。表中所示生产成本中劳动费用最高的是	1	0	0	0	0	0
5563-1	我国不同地区2000年粮食生产效率表。下列各题。与其他地区相比，东南省份最具优势的农业生产条件是	1	0	0	0	0	0
5579-0	马斯达尔位于西亚国家阿联酋的首都阿布扎比约24°N，54°E的郊外，是世界上第一座实现二氧化碳零排放的城市。表1为马斯达尔1977-2007年的气候资料。据此下列各题。下列关于马斯达尔气候的说法正确的是	0	0	0	0	1	0
5637-0	三江平原地区土地利用结构变化表单位：﹪），下列各题。三江平原地区土地利用结构变化对环境影响的叙述，正确的是	0	1	0	0	0	0
5683-0	2010年12月31日，中国颁布稀土出口配额制度，世界稀土产业将形成新的格局。2009年部分国家和地区稀土储量产量和消费量占世界百分比统计表。完成下列各题。我国稀土资源储量从20世纪70年代占世界总量的74%，到2009年仅占36%，其主要原因是	1	0	0	0	0	0
5685-0	某市三大产业和生产总值表下列各题。结合上表，下列说法正确的是	0	1	0	0	0	0
5850-0	，：2001-2007年江苏人口	0	0	0	0	0	1
5854-0	，完成：年太阳总辐射量③地小于①地的主要原因是	0	0	0	1	0	0
5990-0	图为城市边缘区植被生长期变化坐标图，下题形成四城市边缘区植被生长期分布规律的原因，可能是	0	0	0	0	0	1
5990-1	图为城市边缘区植被生长期变化坐标图，下题四城市边缘区植被生长期的差异，体现了	0	0	0	1	0	0
6082-0	某企业打算在广东省开办一间生产工厂，他们在不同地区进行了选址考察，制作了一张各地区生产成本比较表。分析并完成下列各题该企业厂址应选择	1	0	0	1	0	0
6082-1	某企业打算在广东省开办一间生产工厂，他们在不同地区进行了选址考察，制作了一张各地区生产成本比较表。分析并完成下列各题该企业属于	0	0	0	1	0	0
6083-0	2001-2007各年度江苏人口增长情况图"，下列各题。2004-2006年，江苏省人口增长速度明显加快，其主要原因是	0	1	0	0	0	0
6102-0	下表中所列的是一年中甲乙丙丁四地的昼长差即一年中昼长最大值-昼长最小值)。根据的数据1-2题。四地所处的纬度从高到低的排列顺序是	0	0	0	1	0	0
6134-0	我国与全球同纬度太阳辐射总量对比图”。完成1-2题。图示我国不同地区年太阳辐射总量差异最大的地区在	0	0	0	1	0	0
6136-0	为我国北方某地气候资料图，并完成第20-21题。图示区域的降水类型，应为	0	0	0	0	1	0
6136-1	为我国北方某地气候资料图，并完成第20-21题。图示区域2002年与1999-2002年平均相比	0	0	0	1	0	1
6166-0	图8是我国人口增长走势及预测图。，完成13-14题。关于图中a．．b．．c三条曲线正确的是	0	0	0	1	0	0
6182-0	工业化率是工业增加值占全部生产总值的比重，城市化率为城镇常住人口占总人口的比重。图16是中国和日本的工业化率与城市化率变化曲线，35题。下列对应关系正确的是	0	1	0	1	0	0
6231-0	，结合所学知识问题。正确反映我国城市化水平变化的曲线是	0	0	0	1	0	0
6231-1	，结合所学知识问题。在图示期间，与美国相比，我国	0	0	0	1	0	0
6256-0	1 昆明市2001年至2005年距市中心不同距离的平均地价表单位：元m完成11题。1昆明市2001年至2005年距市中心不同距离的平均地价表单位：元m2完成11题。11.关于昆明市不同用地类型及平均地价的叙述，正确的是	0	1	0	1	0	0
6288-0	某地区人口年龄结构示意图，图中abc分别表示1930年1970年20年的人口年龄结构状况。1-2题。从图中反映出人口变化趋势的一个突出特征是	0	0	0	1	0	0
6323-0	西太平洋副热带高压脊线位置的年际变化与东部地区降水的变化密切相关，我国锋面带的位置大约在副热带高压脊线以北约5°C-8°C图1为近几十年来7-8月西太洋副热带高压脊线所在纬度位置波动示意图，1-2题。1989年7-8月份，我国华北地区和长江流域的降水情况是	0	0	1	0	0	0
6324-0	北京市2009年城市建设土地供应计划表表1）。1-2题。该项供地结构，最有利于	0	0	0	0	1	0
6354-0	为江苏省三大产业产值比重与城市人口比重的变化图”。同答5-6题。图中曲线标注的序号与文字说明对应正确的是	0	1	0	0	0	0
6354-1	为江苏省三大产业产值比重与城市人口比重的变化图”。同答5-6题。图中曲线反映了	0	1	0	0	0	0
8596-0	四个农业区在同一年度中的粮食生产统计表，完成下面小题。甲乙两农业区共同的区位条件及其生产特征是	1	0	0	0	0	0
8616-0	绿色出行新理念已为我国许多城市市民所接受。为1986-2015年某城市市民主要出行方式变化图”。下面小题。新理念对市民出行方式产生明显影响的年份开始于	0	1	0	0	0	1
8647-0	为我国长江三角洲南端某城市历年平均太阳总辐射逐月变化柱状图以下问题。如图所示，平均太阳总辐射最大的季节是	0	0	0	0	1	0
8647-1	为我国长江三角洲南端某城市历年平均太阳总辐射逐月变化柱状图以下问题。该地正午太阳高度最大月份却不是平均太阳总辐射最大的月份，原因是	1	0	0	0	0	0
8651-0	为1850-2050年中国英国和美国三国城市化进程示意图含预测)，完成下列各题。图中	0	0	0	1	1	0
8651-1	为1850-2050年中国英国和美国三国城市化进程示意图含预测)，完成下列各题。2030年与2000年相比，三国城市化带来的主要变化有	0	1	0	0	0	0
8686-0	为我国城乡人口比重变化图来源：国家统计局），完成下列各题。城乡人口比重基本持平的年份是	0	0	0	1	0	0
8686-1	为我国城乡人口比重变化图来源：国家统计局），完成下列各题。影响乡村和城镇人口比重变化的主要因素是	0	1	0	0	0	0
8698-0	图7是城市热岛强度日变化示意图”,完成问题。图中有关城市热岛强度的信息反映正确的是①晴天日平均值约1.7℃,最大值约3.7℃②阴天日平均值约0.9℃,最大值约2.4℃③热岛强度与天气形势有关云量少风速小热岛效应微弱④晴天时热岛效应显著	0	0	0	1	0	0
8704-0	2010年和2016年的中国大陆人口统计数据。，完成下列问题与2010年相比，2016年人口年龄结构变化导致	0	1	0	1	0	0
8724-0	1800-2000年世界城市化水平图结合所学知识，完成问题。由图可知	0	1	0	1	0	0
8746-0	下面是某地夏至日6月22日太阳高度变化曲线图，回答题。该地的经纬度是	1	0	1	0	0	0
8756-0	是我国某地一河流流量与含沙量逐月分布图完成。该河流春汛的主要补给是	1	0	0	0	1	0
8756-1	是我国某地一河流流量与含沙量逐月分布图完成。该河流主要分布在	0	0	0	0	1	0
8757-0	是杭州市观测点不同时段地铁运输人数变化曲线图，据此下面小题。该观测点可能位于下列哪个功能区	0	0	0	0	1	0
8757-1	是杭州市观测点不同时段地铁运输人数变化曲线图，据此下面小题。目前，一般城市选择远郊建造公租房经济适用房，影响决策的主导因素是	0	0	0	0	1	0
8781-0	图为某国工业化城市化进程比较图，下列问题。关于该国工业化城市化进程特点的叙述，正确的是	0	1	0	0	0	1
8782-0	为某地区山顶与河谷盆地降水量日变化曲线图下列各题。图中不能显示的降水规律是	0	0	0	0	1	0
8782-1	为某地区山顶与河谷盆地降水量日变化曲线图下列各题。与河谷盆地相比，山顶白天多雨主要是因为	0	0	0	0	1	0
8836-0	某中等城市常住人口密度与距市中心距离关系图完成小题。住宅区密集分布的区域是	0	0	0	0	1	0
8931-0	人口性别比为平均每100名女性所对应的男性人口的数量人口性别比=﹝男性人数÷女性人数﹞×100%）。为四条人口性别比例曲线。下面小题。造成曲线B性别比较低年份主要原因可能是	0	1	0	0	1	0
8931-1	人口性别比为平均每100名女性所对应的男性人口的数量人口性别比=﹝男性人数÷女性人数﹞×100%）。为四条人口性别比例曲线。下面小题。曲线A达到最大值时可能带来的问题有①人口出生率持续下降②男女比例失调③“老夫少妻现象增加④劳动力缺乏	1	0	0	0	0	0
8931-2	人口性别比为平均每100名女性所对应的男性人口的数量人口性别比=﹝男性人数÷女性人数﹞×100%）。为四条人口性别比例曲线。下面小题。在这四条曲线中，人口性别比较为合理的是	0	0	0	1	0	0
8943-0	积雪作为冰冻圈的重要组成部分之一，对全球能量平衡气候水文及生态影响显著，在全球气候变化中有着重要作用。下表示我国新疆北部地表覆盖对积雪变量的影响统计情况，据此完成下面小题。积雪年指每年的7月1日开始至次年的6月30日结束。积雪开始时间以连续5天以上日积雪深度大于5厘米为标准积雪结束时间以连续5天日积雪深度小于5厘米确定。上表中最有利于积雪形成的地表是	1	0	0	0	0	0
8943-1	积雪作为冰冻圈的重要组成部分之一，对全球能量平衡气候水文及生态影响显著，在全球气候变化中有着重要作用。下表示我国新疆北部地表覆盖对积雪变量的影响统计情况，据此完成下面小题。积雪年指每年的7月1日开始至次年的6月30日结束。积雪开始时间以连续5天以上日积雪深度大于5厘米为标准积雪结束时间以连续5天日积雪深度小于5厘米确定。造成积雪结束时间不同的原因是	1	0	0	0	0	0
9016-0	为发达国家发展中国家和中国1950年-2050年含预测老龄人口（≥65岁比重变化图。问题。下列叙述正确的是	0	0	0	1	0	0
9071-0	如图表示我国某地某日测试记录的到达底面的太阳辐射日变化完成下题该日日期及天气状况可能是	0	1	1	0	0	0
9087-0	据国家统计局2007年2月28日发布的中华人民共和国2006年国民经济和社会发展统计公报》，2006年末我国人口为131448万人，中国60岁及以上人口已超过1.49亿，人口增长趋势图下列各题。到本世纪中叶以后，我国有可能出现人口负增长，其主要原因是	0	1	0	0	0	0
9138-0	为长江三角洲某城市多年平均太阳辐射值逐月变化柱状图。完成下列各题。该城市平均太阳辐射值最大的季节是	0	0	0	0	1	0
9157-0	饱和水汽是一定温度下空气中所能够容纳的最大水汽。如图示意饱和水汽与气温的关系，下列各题。下列有关饱和水汽与气温关系的叙述，正确的是①气温越高，饱和水汽越大②气温越低，饱和水汽越大③气温越高，饱和水汽随温度的变化率越大④气温越低，饱和水汽随温度的变化率越大	0	1	0	0	0	0
9171-0	表，完成下列各题。中国大陆人口数量在世界人口总数中的比例中国与世界人口增长速度的说法正确的是	0	0	0	1	0	1
9202-0	人口抚养比指总人口中非劳动年龄人口数与劳动年龄15-64岁人口数之比。示意我国某省1990年2000年和2010年三个年份人口逐岁累计比重。，以下问题。据图可推断三个年份中	0	0	0	1	0	0
9293-0	我国四个省级行政区人口耕地资料，读表完成问题。关于A，B，C，D四个省区的名称对应正确的是	1	0	0	0	1	0
9309-0	抚养比是指非劳动力人口数与劳动力人口数之间的比率。老年抚养比=（65岁以上人口数/15-64岁人口数）×100%；少年抚养比=（0-14岁少年儿童人口数∕15-64岁人口数）×100%。“人口红利期是指随着生育率的下降和总人口中劳动适龄人口比重的上升，形成了一个劳动力资源相对丰富人口抚养负担相对较轻的时期。图为我国不同年龄段人口比例随时间变化图，完成下列各题。在最大人口红利期，老年抚养比少年抚养比大约是	1	0	0	1	0	0
9310-0	是1980-2007年福建省人口自然变动曲线图单位‰），完成各题。1990年至1999年间，福建省人口出生率为迅速下降，与人口出生率迅速下降无关的是	0	1	0	0	0	0
9310-1	是1980-2007年福建省人口自然变动曲线图单位‰），完成各题。据图下列叙述正确的是	0	1	0	0	0	1
9320-0	图示意我国1960-2045年每五年劳动人口增长变化含预测）。完成下列各题。我国劳动人口数量最多的年份是	0	1	1	0	0	0
9320-1	图示意我国1960-2045年每五年劳动人口增长变化含预测）。完成下列各题。未来10年劳动人口数量的变化将导致	0	1	1	0	0	0
9322-0	某国国情简表，问题。从自然条件该国发展农业生产的限制性条件是	0	0	1	0	0	0
9404-0	辽宁省与广东省不同年份城市人口比重比较表据此完成下列各题。两省城市化进程差异明显，主要原因有①辽宁省城市化水平高主要得益于第三产业的快速发展②在1990-2000年间辽宁省城市化发展缓慢的原因之一是产业结构单一③广东省起步晚是由于气候条件优越，农业发达，制约了城市化的发展④广东省后来居上主要得益于外资企业的迅猛发展	0	1	0	1	0	0
9589-0	如图为太阳辐射总量随纬度的变化坐标图，完成下题关于图中ABC三条线所代表的地理含义的描述，正确的一组是	0	0	0	1	1	0
9589-1	如图为太阳辐射总量随纬度的变化坐标图，完成下题关于B线的解释，正确的是	1	0	0	0	0	0
9612-0	某国2010年出生人口数为1574万，是该国2010-2016年人口出生率自然增长率统计图。，完成下面小题。该国是	0	1	1	0	0	1
9630-0	2015年12月15日，广东国际机器人论坛在广东省肇庆市召开。与会专家表示，广东省应重点加快本土机器人产业发展。2013年广东省珠江三角洲粤东粤北粤西产业结构统计表。据此完成下面小题。广东省机器人产业投资建设最适宜的地区是	1	0	0	0	0	0
9649-0	凋落物是联系植被与土壤两个系统的纽带，主要包括植被凋落的叶和茎等物质。左图为我国某地凋落物数量的逐月变化示意图，右图为甲树种春季凋落景观图。，完成小题。乙树种广泛分布于我国下列地区中的	0	0	0	1	1	0
9717-0	为1985年以来我国人口自然变动示意图”。完成下列各题。我国人口状况是	0	1	0	1	0	1
9723-0	20世纪世界人口资源环境污染的相关示意图下列各题。关于人口增长资源环境污染相关关系的叙述，正确的是	0	0	0	1	0	1
9723-1	20世纪世界人口资源环境污染的相关示意图下列各题。由图示可反映出制约环境人口容量最主要的因素是	0	0	0	1	0	1
9733-0	2015年4月，国务院正式批复同意设立湖南湘江新区。该新区现有常住人口85万，其中两院院士40余人，大中专院校30多所，在校大学生30余万人。湖南湘江新区产业及城市化率数据表单位：%），下列各题。与2014年相比，2025年湘江新区产业结构变化的特点是	0	1	0	0	0	0
9733-1	2015年4月，国务院正式批复同意设立湖南湘江新区。该新区现有常住人口85万，其中两院院士40余人，大中专院校30多所，在校大学生30余万人。湖南湘江新区产业及城市化率数据表单位：%），下列各题。到2025年时，湘江新区城市化率将大幅度提升，主要是因为①传统工业发展迅速②服务业的带动作用③农村人口大量就地城市化④高校大幅度扩招	0	1	0	0	0	0
9749-0	几个国家的城市化进程图，下列问题。1975年，与英国相比，巴西城市化特点是	0	0	0	1	1	1
9749-1	几个国家的城市化进程图，下列问题。1950年，英国城市化水平变化的主要原因有①城市环境恶化②乡村小城镇基础设施的完善③农村剩余劳动力的转移④城市中心区的萎缩	0	1	0	0	1	0
9786-0	美国新型火星探测飞船--“火星勘测轨道飞行器于美国东部时间2005年8月12日7时43分西五区区时从肯尼迪航天中心发射升空。美宇航局下属的喷气推进实验室说，这艘飞船将探测火星上生命线索，并为未来的火星登陆寻找合适的地点。阅读，完成下面小题。火星表面的平均温度值比地球小，最主要的原因是	0	0	0	1	0	0
9786-1	美国新型火星探测飞船--“火星勘测轨道飞行器于美国东部时间2005年8月12日7时43分西五区区时从肯尼迪航天中心发射升空。美宇航局下属的喷气推进实验室说，这艘飞船将探测火星上生命线索，并为未来的火星登陆寻找合适的地点。阅读，完成下面小题。在表上的四颗行星上，能体会度日如年的是	0	0	0	1	0	0
9825-0	是北半球亚热带某地降水量逐月累计曲线图。下列各题。该地最易发生洪涝的季节是	0	1	0	0	1	0
9825-1	是北半球亚热带某地降水量逐月累计曲线图。下列各题。利用该地的典型农产品，可发展的工业是	0	1	0	0	1	0
9849-0	为某国人口自然增长率变化情况图1940-2015年）。，完成下面小题。1970年该国	1	0	0	0	0	0
9849-1	为某国人口自然增长率变化情况图1940-2015年）。，完成下面小题。2015年该国	0	0	1	0	0	0
9849-2	为某国人口自然增长率变化情况图1940-2015年）。，完成下面小题。该国最可能是	1	0	1	0	0	0
9912-0	是欧洲某国1940-2012年人口自然增长率变化情况。，完成下列各题。只考虑人口自然增长，该国图示阶段人口最多的年份是	0	0	1	0	0	0
9915-0	表示我国某地区多年平均水分盈亏量盈亏量降水量-蒸发量年内逐月变化，据此下题。该地形区可能位于	0	0	1	0	0	0
9915-1	表示我国某地区多年平均水分盈亏量盈亏量降水量-蒸发量年内逐月变化，据此下题。制约该地区发展农业生产的主导因素是	1	0	1	0	0	0
9944-0	如图为中国英国和美国三个国家城市化进程示意图含预测）”，完成下题与美国英国相比，1950年以来中国城市化	0	1	0	1	0	0
9944-1	如图为中国英国和美国三个国家城市化进程示意图含预测）”，完成下题影响美国英国和中国城市化进程差异的主要因素是	0	1	0	1	0	0
10006-0	表示我国东部中部和西部三个地带GDP亿元的增长，据此完成下面小题。能分别正确反映东中西部三个地带GDP增长的折线依次是	0	1	0	1	0	0
10006-1	表示我国东部中部和西部三个地带GDP亿元的增长，据此完成下面小题。关于三个地带发展的叙述，不正确的是	0	1	0	1	0	0
10017-0	1995-2009年我国某省级行政区户籍人口迁移变动情况图结合所学知识，完成下题1995-2009年，该省级行政区户籍人口	0	0	0	0	0	1
10017-1	1995-2009年我国某省级行政区户籍人口迁移变动情况图结合所学知识，完成下题从人口迁移模式看，该省级行政区域可能是	0	0	0	0	0	1
10022-0	抚养比是指人口中非劳动年龄人口数与劳动年龄人口数之比。当总抚养比≤50%时称为人口红利期。是我国沿海某省2000-2010年抚养比变化。该省开始进入人口红利期的时间	0	0	1	0	0	0
10022-1	抚养比是指人口中非劳动年龄人口数与劳动年龄人口数之比。当总抚养比≤50%时称为人口红利期。是我国沿海某省2000-2010年抚养比变化。该省	0	1	0	0	0	0
10025-0	北京市人口统计表，完成下列各题。北京市2006年人口增长的主要特点是	0	1	0	0	0	0
10025-1	北京市人口统计表，完成下列各题。该表数据反映出北京市	0	1	0	0	0	0
10044-0	四个国家在同一年度中的粮食作物生产的统计表，据此完成下列各题。最有可能大规模生产谷物的国家是	0	0	0	1	1	0
10044-1	四个国家在同一年度中的粮食作物生产的统计表，据此完成下列各题。与丙丁两国的农业特点相符的是	0	0	0	1	0	0
10057-0	人口状况对一个地区的社会和经济发展有重要影响。为上海市人口机械增长率与自然增长率变化图。下面小题下列年份上海市人口增长率最低是	1	0	0	1	0	0
10057-1	人口状况对一个地区的社会和经济发展有重要影响。为上海市人口机械增长率与自然增长率变化图。下面小题图中反映上海市人口总量的变动态势是	0	0	0	1	0	1
10116-0	是北半球亚热带某地2013年降水量逐月累加柱状图。下列问题。该地水循环最活跃的季节是	0	1	0	0	1	0
10140-0	总抚养比是指非劳动年龄0-19岁65岁及以上人口与劳动年龄20-64岁人口之比，包括青少儿抚养比0-19岁人口与劳动人口之比和老年抚养比65岁及以上人口与劳动人口之比）。2016年1月1日起，我国全面放开二孩政策。为我国青少儿抚养比和老年抚养比变化预测图。据此下列问题。我国总抚养比呈持续上升的时间段是	0	1	0	0	0	0
10140-1	总抚养比是指非劳动年龄0-19岁65岁及以上人口与劳动年龄20-64岁人口之比，包括青少儿抚养比0-19岁人口与劳动人口之比和老年抚养比65岁及以上人口与劳动人口之比）。2016年1月1日起，我国全面放开二孩政策。为我国青少儿抚养比和老年抚养比变化预测图。据此下列问题。全面放开二孩政策20年内，我国	0	1	0	0	0	0
10150-0	是我国东南沿海经济发达地区某新兴城市人口增长示意图。下面小题。1991年至1998年，该城市人口迅速增长的主要原因是	0	1	0	0	0	0
10150-1	是我国东南沿海经济发达地区某新兴城市人口增长示意图。下面小题。该城市人口迅速增长，近期可能导致的主要问题是	0	1	0	0	0	0
10161-0	公共服务区等提供自行车单车共享服务，是共享经济的一种新形态。某高校学生小明小亮针对所在城市共享单车的使用情况，进行了社会实践调查。为在调查过程中他们制作的城市一天中共享单车在不同区域的停车数量统计图。据此完成下面小题。图中甲乙曲线所代表的分布地，分别为城市中的	0	0	0	0	1	0
10166-0	鲁尔区三大产业就业人数变化示意图下列下面小题。关于图中内容的叙述，正确的是	0	0	0	1	0	1
10179-0	日照时数指太阳在某地实际照射的时间，图们江是中国与朝鲜的界河。为图们江流域日照时数年内变化柱状图。据此完成下列各题。日照百分率为一个时段内某地日照时数与理论上最大的日照时数的比值（﹪）。该流域9月份的日照百分率大约为	0	0	1	0	0	0
10179-1	日照时数指太阳在某地实际照射的时间，图们江是中国与朝鲜的界河。为图们江流域日照时数年内变化柱状图。据此完成下列各题。该流域日照时数在7月出现低谷的主要原因是	0	0	1	0	1	0
10286-0	我国北京上海近十年常住人口年均增速统计表。据此完成下列各题。据表可知2007-2016年北京常住人口	0	0	1	0	0	0
10395-0	是我国30°N植被叶面积指数变化示意图叶面积指数是指单位土地面积上植物叶片总面积占土地面积的倍数)。完成下列各题。造成我国100°E以西地区植被叶面积指数较小的最主要因素是	0	0	0	0	1	0
10395-1	是我国30°N植被叶面积指数变化示意图叶面积指数是指单位土地面积上植物叶片总面积占土地面积的倍数)。完成下列各题。我国100°E以东地区植被叶面积变化，反映的地域分异规律主要是	0	0	0	0	1	1
10407-0	北半球到达大气上界太阳辐射随纬度变化的分布图完成下列问题。全球到达大气上界太阳辐射分布的突出特点是	0	1	0	0	0	1
10411-0	下表中所列的是12月22日甲乙丙丁四地的白昼时间，根据数据完成下列问题。四地中属于南半球的是	0	0	1	0	0	0
10411-1	下表中所列的是12月22日甲乙丙丁四地的白昼时间，根据数据完成下列问题。四地所处纬度按从高到低的顺序排列正确的是	0	0	1	0	0	0
10419-0	某中等城市常住人口密度与距市中心距离关系图完成下题住宅区密集分布的区域是	0	0	0	0	1	0
10419-1	某中等城市常住人口密度与距市中心距离关系图完成下题距市中心2km内常住人口密度并不最高的主要原因是该区	0	0	0	0	1	0
10424-0	如图为我国某城市主要功能用地面积空间变化图完成下题距市中心4千米附近工业发展的主要区位优势是	0	0	0	0	1	0
10425-0	年平均气温0以下地区有常年积雪分布，常年积雪下限称为雪线，雪线高度与气温和降水相关。是北半球某山地南坡和北坡年平均气温随海拔变化情况。，完成下面小题。甲坡的雪线高度约为	0	0	1	0	0	0
10425-1	年平均气温0以下地区有常年积雪分布，常年积雪下限称为雪线，雪线高度与气温和降水相关。是北半球某山地南坡和北坡年平均气温随海拔变化情况。，完成下面小题。关于甲坡和乙坡的叙述，正确的是	0	0	1	1	0	0
10485-0	示意我国1960-2045年每五年劳动人口增长变化含预测)。，完成下题。我国劳动人口数量最多的年份是	0	0	1	0	0	0
10485-1	示意我国1960-2045年每五年劳动人口增长变化含预测)。，完成下题。2015-2025劳动人口数量的变化会导致	0	0	1	0	0	0
10488-0	城市人口集聚的基本逻辑：经济-人口平衡。从长期来看，决定一个城市人口集聚规模的关键在于该城市与所在国家其他地区的收入差距。这种区域收入差距可简单地用区域经济份额与区域人口份额的比值来表示。当城市在人口集聚规模基本稳定时，其经济份额与人口份额的比值将保持1附近的水平。北京市和上海市经济份额与人口份额比值变化图完成下面小题。据图可知，与北京市相比，近60年上海市	0	0	1	1	0	0
10488-1	城市人口集聚的基本逻辑：经济-人口平衡。从长期来看，决定一个城市人口集聚规模的关键在于该城市与所在国家其他地区的收入差距。这种区域收入差距可简单地用区域经济份额与区域人口份额的比值来表示。当城市在人口集聚规模基本稳定时，其经济份额与人口份额的比值将保持1附近的水平。北京市和上海市经济份额与人口份额比值变化图完成下面小题。据材料，北京市和上海市未来人口	0	0	1	0	0	0
10500-0	山东威海市近年来三大产业结构比例（%）及国内GDP总值亿元统计表。据此下列各题。1999年以来，威海市	0	0	0	1	0	1
10500-1	山东威海市近年来三大产业结构比例（%）及国内GDP总值亿元统计表。据此下列各题。与1999年相比，目前威海市	0	0	0	1	0	1
10512-0	如图示意2001-2011年我国城镇人口增长率与建成区面积增长率的比较(%)。2001-2008年我国城市人口人均城市用地面积	0	0	0	1	0	0
10512-1	如图示意2001-2011年我国城镇人口增长率与建成区面积增长率的比较(%)。据上图结合相关知识可判断，2001年以来我国	0	0	1	0	0	0
10538-0	下题影响XYZ的主要农业区位因素是	0	0	0	1	0	0
10538-1	下题如果要在XYZ三地发展花卉种植乳牛饲养小麦生产，下列方案最合理的是①X地种植小麦的经济效益最高②X地应该发展花卉种植③距城市20-60千米远的地方适合饲养乳牛④小麦生产应位于距城市60-100千米处	0	0	0	1	0	0
10540-0	在2013年，我国整个自动化市场走出市场低速摆脱颓势，寻求平稳增长，而工业机器人市场仍然一路高歌，其增长水平远超自动化市场水平，达到高速快增。图4为我国2006年到2013年中国工业机器人市场规模统计图，下列问题。下列因素中有利于工业机器人生产规模大幅提高的有①我国人口红利已经消失②用工成本节节攀升且招工困难③高技术产业对工业机器人的需求扩大④发达国家或地区刘易斯人口拐点劳动力过剩向短缺的转折点到来中国制造业中机器人存在庞大的替代空间国家出台一系列的保护政策	0	0	0	0	0	1
10571-0	长江中下游地区与青海西藏地区土地生产潜力和最大人口密度表，下列各题。据分析研究，西藏的人口合理容量正在减小，原因可能是①消费水平迅速上升②生产活动过程中破坏了生态环境③青藏铁路的开通，方便了与外界之间的联系④自然灾害的增多	0	0	0	1	0	0
10622-0	如图示意我国及东部中部西部三大地带能源自给率的变化情况。据此下列下列各题。图中四条曲线代表西部地带的是	0	1	1	0	0	0
10622-1	如图示意我国及东部中部西部三大地带能源自给率的变化情况。据此下列下列各题。下列地区可以大量调出能源输往Ⅳ地带的是①东北地区②西北地区③青藏地区④西南地区	0	0	0	1	0	0
10625-0	我国部分地区的土地生产潜力和最大可能人口密度表”。结合，下列各题。表中信息反映的影响人口承载力的主导因素是	0	0	0	1	0	0
10625-1	我国部分地区的土地生产潜力和最大可能人口密度表”。结合，下列各题。下列关于青藏地区环境人口容量的说法，正确的是①地域广大，资源丰富，环境人口容量大②地处内陆，气候干旱，环境人口容量小③生态脆弱，环境人口容量小④充分利用该地区丰富的太阳能资源，增大环境人口容量	0	0	0	0	1	0
10645-0	2017年6月2日，日本厚生劳动省公布的人口动态统计数据显示，日本国内2016年出生的婴儿为97.6979万人，是1899年开始采用现行统计方法以来首次跌破100万人。为1970年至2016年日本人口出生数与人口死亡数统计图，，完成下题。日本人口自然增长开始进入负增长的年份是	0	0	0	1	0	0
10645-1	2017年6月2日，日本厚生劳动省公布的人口动态统计数据显示，日本国内2016年出生的婴儿为97.6979万人，是1899年开始采用现行统计方法以来首次跌破100万人。为1970年至2016年日本人口出生数与人口死亡数统计图，，完成下题。日本人口自然增长数量的变化，可能产生的影响是	0	0	0	1	0	0
10710-0	黄土高原各类矿产潜在价值所占比例表完成下列各题。从表中数据可以看出，黄土高原地区矿产资源的特点是	1	0	0	0	0	0
10710-1	黄土高原各类矿产潜在价值所占比例表完成下列各题。黄土高原地区最突出的优势资源，其开发的限制性区位因素主要是	1	0	0	0	0	0
10719-0	反映了世界较发达区域欠发达区域1950-2050年城市和农村人口发展含预测情况。，完成下列问题。据图可知	0	1	0	1	1	0
10883-0	河流左右两岸的侵蚀和淤积面积的变化可以反映出河道宽度的变化。为1988-2014年黄河上游河套平原某河段左右岸侧向侵蚀与淤积面积的变化图正数为侵蚀，负数为淤积)。据此完成下题。该河段河道变宽幅度最大的时段是	1	0	1	0	0	0
10883-1	河流左右两岸的侵蚀和淤积面积的变化可以反映出河道宽度的变化。为1988-2014年黄河上游河套平原某河段左右岸侧向侵蚀与淤积面积的变化图正数为侵蚀，负数为淤积)。据此完成下题。2001年前后，河道宽度变化的幅度有显著改变的主要原因是	0	0	1	0	0	1
10909-0	区位熵又称专门化率，其值越高，地区产业集聚水平就越高一般来说，当区位熵大于1时，则该地区的某项经济指标在全国有优势当区位熵小于1时，则处于劣势如表为我国某地形区主要农产品产量的区位熵，据此完成下列各题该地区的地形与气候类型可能是	1	0	0	0	0	0
10910-0	为在人工模拟降雨条件下，不同性质的城市地对面水量入渗随时间变化。据此，下列各题。为了美化环境并减轻城市内涝的发生，城市下垫面最适宜增加	0	0	0	1	0	0
10923-0	图为我国某水库一年中入库水量和出库水量的变化情况。据此完成下列各题。该水库可能位于	0	0	0	0	1	0
10923-1	图为我国某水库一年中入库水量和出库水量的变化情况。据此完成下列各题。该水库一年中的最高水位出现在	0	0	0	1	0	0
10933-0	世界主要经济体的劳动人口比较表2013年）。，完成下列各题。2000年后中国成为世界工厂其原因主要是	0	0	0	1	0	0
10937-0	影响我国的台风大多数生成的源地在北纬10度至30度之间西太平洋洋面上，示意某台风中心向西经过福建某地时的风速变化，据此完成下列各题。台风什么时候最接近该地	1	0	0	0	0	0
10955-0	为秦岭太白山南北坡气温垂直递减率的变化情况。完成以下问题。太白山南北坡气温垂直递减率	0	0	0	1	0	0
10955-1	为秦岭太白山南北坡气温垂直递减率的变化情况。完成以下问题。影响南北坡5-9月气温垂直递减率差异的主要因素是①纬度②坡度③气流运动④植被覆盖	0	0	0	1	0	0
11039-0	据2009年2月26日国家统计局公布的数据，截至2008年我国总人口数已达13802万人，据此回答题。关于我国人口容量的估计最科学的是	0	1	0	0	0	0
11099-0	示意安徽省1990-2030年城市化水平统计及预测。，完成下列各题。安徽省城市化进程的表现有	0	1	0	0	0	1
11099-1	示意安徽省1990-2030年城市化水平统计及预测。，完成下列各题。目前安徽省城市化进程的特点是	0	1	0	0	0	1
11176-0	交通运输业是人为活动碳排放的第二大来源，仅次于电力与热力生产部门。1990-2012年我国客运交通碳排放强度单位乘客公里碳排放量示意图，完成下列各题。图示我国客运交通碳排放强度曲线①②③④分别代表	0	0	0	1	0	0
11183-0	为我国某省区三大产业产值比重与城市人口比重的变化图其中①代表第二产业产值比重的变化，②代表城市人口比重的变化，③代表第三产业产值比重的变化，④代表第一产业产值比重的变化。完成下题。分析图中各曲线的变化特点，该省区最可能是	0	0	0	1	0	1
11183-1	为我国某省区三大产业产值比重与城市人口比重的变化图其中①代表第二产业产值比重的变化，②代表城市人口比重的变化，③代表第三产业产值比重的变化，④代表第一产业产值比重的变化。完成下题。图中曲线变化反映出该省区的城市化发展特点是	0	0	0	1	0	1
11256-0	潜在支持比指一个国家的劳动年龄人口15-64岁与老年人口65岁以上的比率。为我国人口潜在支持比趋势图”。下列各题。图中信息反映了未来我国	0	0	0	0	0	1
11280-0	图中甲乙丙丁分别表示不同的国家。，完成下列问题。人口出生率高死亡率低自然增长率高的国家是	0	0	0	1	1	0
11280-1	图中甲乙丙丁分别表示不同的国家。，完成下列问题。与我国现阶段人口增长特点相似的国家是	0	0	0	1	1	0
11281-0	城市的道路交通建设会改变沿线地域的土地利用类型。我国某市轨道交通1号线开通前后土地利用的变化表，完成小题。城市轨道交通1号线开通前后，土地利用的主要变化特点是	0	0	0	1	0	0
11290-0	为辽宁省近十年人口出生率死亡率变化折线图。完成小题。2017年辽宁省的人口增长模式属于	0	0	0	0	1	0
11315-0	甲乙两类工业生产成本构成表完成下面各题。甲类工业部门最可能是	1	0	0	0	0	0
11315-1	甲乙两类工业生产成本构成表完成下面各题。乙类工业	1	0	0	0	0	0
11336-0	我国建国以来人口出生率与死亡率分析完成下题图中我国人口增长模式转变迅速的主要原因是	0	0	0	0	0	1
11367-0	几个地区农业基本情况比较表，完成下列各。①地区的农业地域类型可能是	0	0	1	0	0	0
11367-1	几个地区农业基本情况比较表，完成下列各。与②地区农业相似的地区是	0	0	1	0	0	0
11403-0	示意某国城镇人口和乡村人口的变化，下列各题20世纪该国城镇人口比重增长最快的时期是	0	1	0	0	0	1
11403-1	示意某国城镇人口和乡村人口的变化，下列各题1961-2006年，该国城镇化总体趋势表现为	0	0	0	0	0	1
11410-0	，下列各题。表示发达国家平均水平的可能是	0	0	0	0	1	0
11423-0	第六次全国人口普查部分数据表，下列各题。第六次全国人口普查的数据反映我国人口增长模式是	0	0	1	0	0	0
11423-1	第六次全国人口普查部分数据表，下列各题。四川广东两省人口变化的主要原因是	0	0	1	0	0	0
11439-0	城市建城区内的建筑物数量与建成区面积要随城市规划的变化而进行调整，为某大城市在城郊规划的一居住小区近7年来的区内建筑物数量与建成区面积增长率的动态变化图。下列各题。图中信息表明该居住小区	0	0	1	0	0	0
11443-0	我国某大型企业的原料供应地和生产地长期稳定，且原料和产品的运输量相同，下表表示该企业不同年代产品成本构成，下列各题。表：某企业不同年代产品成本构成与1995年相比，2010年该企业①产品销售范围扩大②工人工资水平明显下降③对外交通日趋便利④生产工艺明显提高	0	0	0	1	0	0
11452-0	表示我国东部中部和西部三个地带GDP亿元的增长，据此完成下列各题。能分别正确反映东中西部三个地带GDP增长的折线依次是	0	0	0	1	0	1
11452-1	表示我国东部中部和西部三个地带GDP亿元的增长，据此完成下列各题。关于三个地带发展的叙述，不正确的是	0	0	0	1	0	1
11452-2	表示我国东部中部和西部三个地带GDP亿元的增长，据此完成下列各题。有关①经济地带的叙述，错误的是	0	0	0	1	0	0
11468-0	某实验小组做如下实验：在花岗岩表面淋上25左右的水，记录其内外温度变化。为所测得的岩石内外温度变化曲线图。完成以下问题。该实验模拟的地质作用是	0	1	0	1	0	0
11485-0	人口抚养比是非劳动年龄人口数与劳动年龄人口数的比值，包括少儿抚养比0-14岁人口与15-64岁人口的比率和老年抚养比65岁及以上人口与15-64岁人口的比率）。图为世界发达地区欠发达地区及中国的人口抚养比及发展趋势统计图。下面小题。据图可知	0	0	0	1	0	1
11499-0	为北半球亚热带地区大陆东西两侧①、②两地降水量逐月累积折线图。完成小题。②地降水量与①地相比	0	0	0	1	0	0
11550-0	11月11日部分城市日出日落时间表。下列各题：六个城市中，两个城市之间白昼时间差值最大可达	0	0	1	0	0	0
11550-1	11月11日部分城市日出日落时间表。下列各题：请依据表中信息，下列四城市中纬度最高的是	0	0	1	0	0	0
11637-0	崇明县隶属上海市，位于长江入海口，全县地势平坦，由崇明长兴横沙三岛组成，总面积1411平方公里，其中崇明岛是世界上最大的河口冲积岛。图6为崇明县三大产业产值比重和城镇化率变化图，下列各题。崇明县	0	0	1	0	1	0
11637-1	崇明县隶属上海市，位于长江入海口，全县地势平坦，由崇明长兴横沙三岛组成，总面积1411平方公里，其中崇明岛是世界上最大的河口冲积岛。图6为崇明县三大产业产值比重和城镇化率变化图，下列各题。有关崇明县三大产业，叙述错误的是	0	0	0	0	0	1
11683-0	为1850-2050年中国英国和美国三国城市化进程示意图含预测）”。，下列各题。图中	0	1	0	1	0	0
11748-0	为北半球亚热带地区大陆东西两侧①、②两地降水量逐月累积折线图。完成小题。②地降水量与①地相比	0	0	0	1	0	0
11775-0	1996-2009年月黑子平均数监测曲线图，问题。未来太阳活动高峰年可能出现在哪一年	0	0	0	0	1	0
11778-0	房价收入比，是指住房价格与城市居民家庭年收入之比，合理的房价收入比标准为4-6之间。全国40个不同等级城市的房价收入比统计表。据此完成下列各题。我国不同等级城市房价收入比最合理的是	0	0	1	0	0	0
11781-0	近年来，越来越多的中国企业赴美投资建厂，早在1999年海尔公司选择在美国南卡莱罗纳州建厂，当地政府规定，每创造一个就业机会就减免2500美元的税收。南卡莱罗纳州与全美工资水平状况比较表，完成下列各题。海尔选择在美国的南卡莱罗纳州建厂，主导因素是	0	0	0	1	0	0
11811-0	是某国1940-2012年人口自然增长率变化情况。完成下面小题。图示时间段内，该国人口最少的年份是	0	0	1	0	0	0
11811-1	是某国1940-2012年人口自然增长率变化情况。完成下面小题。近年来该国人口增长模式为	0	0	0	0	0	1
11811-2	是某国1940-2012年人口自然增长率变化情况。完成下面小题。缓解该国目前人口问题的合理措施是①鼓励生育②推迟退休③提倡早婚④吸引移民	0	0	1	0	0	0
11823-0	水量盈余率是衡量水库蓄水量变化的重要指标水量盈余率流入量/流出量)，某水库各月水量盈余率统计表。完成下面小题。该水库储水量最小的月份是	0	0	1	0	0	0
11823-1	水量盈余率是衡量水库蓄水量变化的重要指标水量盈余率流入量/流出量)，某水库各月水量盈余率统计表。完成下面小题。该水库最有可能位于	0	0	1	0	0	0
11914-0	为20052012我国某省常住人口数量变化图。据此下列问题。该省常住人口变化的原因主要包括①生活和医疗水平下降②计划生育的有效实施③本地青壮年的大量迁出④农业生产结构的变化	0	0	0	0	0	1
11914-1	为20052012我国某省常住人口数量变化图。据此下列问题。该省常住人口变化的原因主要包括①生活和医疗水平下降②计划生育的有效实施③本地青壮年的大量迁出④农业生产结构的变化	0	0	0	0	0	1
11929-0	太阳辐射以平行光线的形式直接投射到地面上，称为太阳直接辐射。为贵州贵阳和新疆塔中塔里木盆地中部太阳直接辐射的年变化。下面小题。导致塔中春秋季太阳直接辐射差异的最主要原因是春季	0	0	0	0	1	0
11929-1	太阳辐射以平行光线的形式直接投射到地面上，称为太阳直接辐射。为贵州贵阳和新疆塔中塔里木盆地中部太阳直接辐射的年变化。下面小题。塔中和贵阳太阳直接辐射差异明显，其主要影响因素是	0	0	0	1	0	0
11951-0	我国某地区农业资源利用评价表单位：%），完成下面小题。该地区发展农业生产的限制性因素是	1	0	0	0	1	0
11951-1	我国某地区农业资源利用评价表单位：%），完成下面小题。该地区最适合种植的是	0	0	0	1	0	0
12009-0	示意我国部分省级行政区日照时数逐月变化。，完成下列各题。图中①②③所代表的省级行政区依次为	0	0	0	1	1	1
12009-1	示意我国部分省级行政区日照时数逐月变化。，完成下列各题。影响①省区日照时数逐月变化的主要因素是	0	0	0	0	1	1
12091-0	2016•全国某河流位于浙江东部，下游河床受径流与潮汐共同影响：枯水期，以潮流带来的泥沙淤积为主汛期，上游下泄的径流冲刷河床。图2示意该河下游某地1962年两个时期河床断面形态，其中，甲是河床最低时期的断面。1964年在该河上游建成水库2000年，在该河河口建成大型水闸。据此完成以下问题。2000年，在该河河口建成大型水闸，床断面形态从甲至乙的变化过程发生在	0	0	0	1	0	0
12093-0	企业养老保险抚养比是参保职工人数与领取养老保险人数的比值，2016年我国部分省市企业养老保险抚养比。完成下面小题。据表人口年龄结构最年轻的是	1	0	0	0	0	0
12127-0	我国四个城市的部分社会服务功能情况，据表中信息完成下列各题。表中城镇等级由高到低的排序是	1	0	0	0	0	0
12127-1	我国四个城市的部分社会服务功能情况，据表中信息完成下列各题。四城市中，最适宜发展国家级IT产业的是	1	0	0	0	0	0
12146-0	为某国人口自然增长率变化情况图”。并结合所学知识完成下面小题。1970年，该国	1	0	0	0	1	0
12146-1	为某国人口自然增长率变化情况图”。并结合所学知识完成下面小题。2013年该国	0	0	0	0	1	0
12169-0	是我国不同年龄段人口变化图。，下列问题。未来30年，我国人口发展将可能导致①人口死亡率较目前更低②国家养老金的支付压力增大③人口红利逐渐消失④电子装配业大量向我国转移	0	1	0	0	0	0
12206-0	我国不同地区2015年粮食生产效率表。问题。表中所示生产成本中劳动费用最高的是	1	0	0	0	0	0
12206-1	我国不同地区2015年粮食生产效率表。问题。东北和新疆的人力投入量最低，人力效率最高，反映出	1	0	0	0	0	0
12208-0	某区域城市化战略设想图下列各题下列关于该区域城乡人口变化的叙述正确的是	0	0	0	1	0	0
12208-1	某区域城市化战略设想图下列各题下列关于该区域城市化水平的叙述正确的是	0	1	1	0	0	0
12241-0	我国某地一河流流量与含沙量逐月分布图，完成题。该河流春汛的主要补给是	0	0	0	0	1	0
12299-0	蓝化效应是指城市水体面积在城市环境保护中所起的作用。示意我国一些城市市区水域面积数据单位：km2）。据此完成下列各题。与其他城市相比，武汉市蓝化效应最强，其自然原因主要是	1	0	0	0	0	0
12313-0	我国某省区常住人口和外来常住人口年龄结构统计图，完成下列各题。该省区最可能是	0	0	0	1	0	0
12373-0	植物净初级生产力简称NPP是指在单位面积单位时间内绿色植物通过光合作用积累的有机物数量。左图示意研究范围，右图为研究区域2001-2010年间NPP的变化。观察结果显示，研究地区不同植被类型的年NPP大小顺序为：常绿阔叶林gt草地gt农田植被gt落叶阔叶林gt湿地。据此完成下列各题。2001-2010年间，研究区域年NPP呈显著波动的主要原因为	0	0	0	0	0	1
12380-0	为几个国家城市化过程曲线图，结合所学知识完成下列问题。图中甲乙丙丁四条曲线中能代表发达国家城市化过程的曲线是	0	0	0	1	0	0
12380-1	为几个国家城市化过程曲线图，结合所学知识完成下列问题。丙曲线所对应国家于1990年至2010年期间城市化过程中可能出现的问题是①交通拥堵②劳动力短缺③住房紧张④逆城市化	0	1	0	1	0	0
12388-0	基尼系数反映某种产业的地理集中程度，基尼系数越大，产业集中程度越高。我国1980-2007年四种工业基尼系数变化示意图，回答题。根据基尼系数变化曲线，②工业有可能为	0	0	0	0	0	1
12466-0	新中国人口的自然变动图下题1950-2000年间，人口自然增长率最高年份的增长率约为	1	0	1	0	0	0
12466-1	新中国人口的自然变动图下题根据图上曲线延伸的变化未来10-20年内将出现的情况是	0	0	0	0	0	1
12483-0	如图示意2001-2011年我国城镇人口增长率与建成区面积增长率的比较(%)。2001-2008年我国城市人口人均城市用地面积	0	0	0	1	0	0
12483-1	如图示意2001-2011年我国城镇人口增长率与建成区面积增长率的比较(%)。据上图结合相关知识可判断，2001年以来我国	0	0	0	1	1	0
12509-0	性别比是指人口中男性人口与女性人口的比值通常指100个女性对应的男性人数)。为我国近30年来出生人口活产婴儿和总人口性别比的变化图，据此完成下列问题。我国近30年	0	0	1	1	0	0
12534-0	植被叶面积指数是指单位土地面积上植物叶片总面积占土地面积的倍数，即叶面积指数叶片总面积土地面积。在我国，大致以100°E为界，东部大部分地区的植被叶面积指数大于西部。我国30°N植被叶面积指数变化示意图”（如），完成下列问题。在我国30°N附近地区，100°E以西叶面积指数较小，发展农业遇到的限制性因素主要是	0	0	0	0	1	0
12534-1	植被叶面积指数是指单位土地面积上植物叶片总面积占土地面积的倍数，即叶面积指数叶片总面积土地面积。在我国，大致以100°E为界，东部大部分地区的植被叶面积指数大于西部。我国30°N植被叶面积指数变化示意图”（如），完成下列问题。造成100°E以东植被叶面积指数变化最主要因素是	0	1	0	0	0	0
12542-0	为美国20世纪城市化进程示意图，完成下列各题。关于美国1945年至1970年间城市化进程的描述正确的是	0	1	0	0	0	0
12542-1	为美国20世纪城市化进程示意图，完成下列各题。1995年前后，美国城市化速度减慢的原因可能是	0	1	0	0	0	0
12573-0	入渗率指水分自地表渗入土壤中的强度，以每小时若干毫米表示。在某种情况下，降雨渗入土壤时的最大入渗率，叫入渗容量”。下列各题。若图中曲线表示干湿状况不同的沙壤土和粘壤土在其他条件相同时的入渗率变化情况，则下列组合正确的是	0	0	0	1	0	0
12582-0	2023年我国启动一方是独生子女的夫妇可以生育两个孩子的政策单独二孩政策），2016年1月1日起我国开始全面实施一对夫妇可以生育两个孩子的政策全面二孩政策）。是我国未来基于不同生育政策的出生人口规模预测图。下列各题。不同生育政策下，我国未来人口数量可能产生的变化是	0	0	0	0	0	1
12594-0	绿色出行新理念已为我国许多城市市民所接受。为1986-2015年某城市市民主要出行方式变化图”。下面小题。新理念对市民出行方式产生明显影响的年份开始于	0	1	0	0	0	0
12594-1	绿色出行新理念已为我国许多城市市民所接受。为1986-2015年某城市市民主要出行方式变化图”。下面小题。市民出行方式变化对该城市产生的主要影响是	0	1	0	0	0	0
12596-0	中国人口数量增长分组趋势图，完成下列问题。在1950年至2015年，我国人口的变化是	0	1	0	0	0	1
12596-1	中国人口数量增长分组趋势图，完成下列问题。据图推测，我国人口在2015年至2050年不会出现的是	0	1	0	0	0	1
12686-0	，以下问题。图中显示开罗与武汉的气候要素特征相差悬殊，造成这一现象的主要原因是	0	0	0	1	0	0
12703-0	采用物理覆盖技术来抑制平原水库的无效蒸发，可节约更多的水资源。为我国某地常年有水的水库观测数据，其中12月至次年3月时间段蒸发量极小，观测困难。据此完成下面小题。我国最需要推广该物理覆盖技术的地区是	0	0	0	1	0	0
12703-1	采用物理覆盖技术来抑制平原水库的无效蒸发，可节约更多的水资源。为我国某地常年有水的水库观测数据，其中12月至次年3月时间段蒸发量极小，观测困难。据此完成下面小题。12月至次年3月时间段蒸发量极小的原因可能是	0	0	0	0	1	0
12703-2	采用物理覆盖技术来抑制平原水库的无效蒸发，可节约更多的水资源。为我国某地常年有水的水库观测数据，其中12月至次年3月时间段蒸发量极小，观测困难。据此完成下面小题。采用物理覆盖技术后，水库对周围环境的影响正确的是	0	0	0	1	0	0
12726-0	为我国某水库常年平均月均水位变化和月入库水量图，完成下列各题。该水库所在地区最可能是	1	0	0	0	0	0
12726-1	为我国某水库常年平均月均水位变化和月入库水量图，完成下列各题。下列关于该水库所在区域的说法，正确的是	0	0	0	0	1	0
12728-0	底特律是美国著名的汽车城传统汽车产业发达，2013年12月3日，这座曾经风光无限的汽车城正式宣告破产，它也成为美国历史上规模最大的破产城市。美国底特律市人口数量变化统计图，完成下列各题。下列年份中，该市人口数量最多的是	0	0	1	0	0	0
12735-0	某城市是环形放射状道路，下列各题。图中能正确表示城市从市中心到外缘地租水平变化趋势的曲线是	0	0	0	0	0	1
12742-0	20世纪90年代以来，有许多学者从不同角度对我国人口数量及人口容量进行了预测，下表中的内容为一些学者的预测数据，下列问题。上表中反映的我国人口合理容量的是	0	0	1	0	0	0
12771-0	图是印度尼日利亚中国英国的人口增长模式示意图，完成下题表示我国的是	0	0	1	0	0	0
12771-1	图是印度尼日利亚中国英国的人口增长模式示意图，完成下题急需引进大量青壮年劳动力的国家是	0	0	1	0	0	0
12777-0	农民工是指户籍仍在农村，在本地或外出从事非农产业劳动6个月及以上的劳动者。2013-2016年我国农民工平均年龄及农民工总量增速情况统计表完成下列各题。数据反映出我国	0	0	0	0	0	1
12789-0	某特大城市中心商务区白天人口与夜间人口密度变化图完成下列各题。中心商务区白天人口与夜间人口密度的变化直接反映	0	0	0	0	0	1
12789-1	某特大城市中心商务区白天人口与夜间人口密度变化图完成下列各题。中心商务区白天人口与夜间人口密度变化的前提条件是	0	0	0	0	0	1
12810-0	中国1952年-2010年冬季气温变化图下列问题。下列年段，冬季气温较稳定的是	0	0	0	0	0	1
12810-1	中国1952年-2010年冬季气温变化图下列问题。1955年冬季气温低的原因可能是	1	0	0	0	0	0
12842-0	地-气系统大气和地面吸收太阳短波辐射能量收入），又向外发射长波辐射能量支出），能量收支的差值，称为辐射差额示意沿海某地多年平均辐射差额的月份分配结合材料完成下题若只考虑辐射差额对气温的影响，该地气温最低的月份是	0	0	1	0	0	0
12857-0	示意我国1960-2045年每五年的劳动人口增长变化含预测）。完成下列各题。我国劳动人口数量最多的年份是	0	0	1	0	0	0
12857-1	示意我国1960-2045年每五年的劳动人口增长变化含预测）。完成下列各题。未来10年劳动人口数量的变化将导致	0	0	1	0	0	0
12896-0	北半球各纬度某时是阳辐射量分布曲线图，下列各题。甲地太阳辐射量多的原因主要是①纬度低，太阳高度角较大②受副热带高压控制时间长，降水少③距海远，降水步④海拔高，大气稀薄，太阳辐射损耗少	1	0	1	0	0	0
13106-0	生态足迹是维持一个区域生存所需要的能够提供资源并吸纳废弃物的地域空问。从生产和消费两方面，分析农牧交错区生态足迹，可为制定区域可持续发展政策提供科学依据。我国内蒙古中南部农牧交错区41.5°N-43°N，114.5°E-117°E生态足迹统计单位ghm2为全球性公顷，即各类土地转换后可比的单位)。据此，完成下面小题。该区域农业生产	0	0	0	1	0	0
13106-1	生态足迹是维持一个区域生存所需要的能够提供资源并吸纳废弃物的地域空问。从生产和消费两方面，分析农牧交错区生态足迹，可为制定区域可持续发展政策提供科学依据。我国内蒙古中南部农牧交错区41.5°N-43°N，114.5°E-117°E生态足迹统计单位ghm2为全球性公顷，即各类土地转换后可比的单位)。据此，完成下面小题。该区域土地退化的主要原因可能是	0	0	0	1	0	0
13157-0	为某区域城市化进程及预测图。据此完成下列问题。图示区域城乡人口变化的特点是	0	0	0	0	0	1
13157-1	为某区域城市化进程及预测图。据此完成下列问题。关于图示区域城市化进程的，正确的是	0	1	0	1	0	0
13211-0	甲乙两地终年盛行西风且纬度相当，分析两地的气候资料，完成下列各题。根据资料推断甲地的典型植被类型是	0	0	0	0	1	0
13211-1	甲乙两地终年盛行西风且纬度相当，分析两地的气候资料，完成下列各题。下列有关甲与乙地气候特点的比较，正确的是	0	0	0	1	1	0
13211-2	甲乙两地终年盛行西风且纬度相当，分析两地的气候资料，完成下列各题。在甲地最适宜发展的农业地域类型是	0	0	0	0	1	0
13221-0	我国某城市人口与就业变化统计表，完成下列各题。造成该市郊区人口迅速增长的最主要因素是	0	1	0	0	0	0
13221-1	我国某城市人口与就业变化统计表，完成下列各题。由表格可知自2000年以来，该市在城市化过程中出现的最突出问题是	0	1	0	0	1	0
13224-0	2013年3月16日，为期40天的2013年春运大幕落下全国道路水路民航铁路运送旅客总量超过了34亿人次结合如图下题影响图示人口迁移的主要因素是	1	0	0	0	1	0
13224-1	2013年3月16日，为期40天的2013年春运大幕落下全国道路水路民航铁路运送旅客总量超过了34亿人次结合如图下题关于上述人口迁移带来的问题，说法错误的是	1	0	0	0	1	0
13225-0	人口城市化指的是人口向城市地区集中或农业人口变为非农业人口的过程土地城市化是指某一区域城市化过程中土地条件由农村形态向城市形态转化的过程，这一过程即城市建设用地的空间扩张。为1994-2008年中国地级以上城市土地与人口城市化速率图，，完成下列各题。1994-2008年我国地级以上城市土地与人口城市化速率	1	0	1	0	0	1
13225-1	人口城市化指的是人口向城市地区集中或农业人口变为非农业人口的过程土地城市化是指某一区域城市化过程中土地条件由农村形态向城市形态转化的过程，这一过程即城市建设用地的空间扩张。为1994-2008年中国地级以上城市土地与人口城市化速率图，，完成下列各题。根据材料信息推断的结论，正确的是：1993-2008年我国地级以上城市	1	0	1	0	0	1
13264-0	如图为我国某河流流量过程曲线图，下题依据图中信息，该河流主要分布在我国	0	0	0	0	1	0
13264-1	如图为我国某河流流量过程曲线图，下题关于该河流的叙述正确的是	0	0	0	0	1	0
13277-0	示意2000-2014年北京人口变动的情况。完成下列问题。下列年份中人口净迁入量最多的是	0	0	0	1	0	1
13277-1	示意2000-2014年北京人口变动的情况。完成下列问题。北京市人口变动导致	0	0	0	1	0	1
13280-0	反映四个国家的人口出生率和死亡率，据此完成下列各题。四国中人口自然增长率最高的是	0	0	0	1	0	0
13280-1	反映四个国家的人口出生率和死亡率，据此完成下列各题。图中②国最可能是	0	0	0	1	0	0
13293-0	亚洲四国家城市化趋势图下列各题。四国家城市化的共同特点是	1	0	0	0	1	0
13293-1	亚洲四国家城市化趋势图下列各题。与其他三个国家同期相比，马来西亚城市化	0	0	0	1	0	0
13351-0	如图是我国东南沿海经济发达地区某新兴城市人口增长示意图下题1992年至1993年，该城市的人口增长率是	0	0	1	0	0	0
13351-1	如图是我国东南沿海经济发达地区某新兴城市人口增长示意图下题1991年至1998年，该城市人口迅速增长的主要原因是	0	1	0	0	0	0
13377-0	在水汽充足微风及大气稳定的情况下，相对湿度达到100时，空气中的水汽便会凝结成细微的水滴悬浮于空中，使地面水平的能见度下降，这种天气现象称为雾，为我国南方某风景区山腰与山麓各月平均雾日比较图，完成下列小题。山腰各月平均雾日多于山麓的原因是	0	0	0	1	0	0
13400-0	老龄化是指60岁以上人口比例超过10%，或65岁以上人口比例超过7%。数码示意亚洲非洲欧洲北美洲老龄人口比重。下列下面小题。①-④数码依次对应的大洲是	0	0	0	1	0	0
13403-0	工业化与城市化是相互影响相互制约，经济的不同发展阶段，工业化与城市化的进程快慢不同。某国工业化城市化进程比较图，完成下列问题。关于该国工业化城市化进程特点的叙述，正确的是①城市化与工业化呈同步增长趋势②该国城市化进程与工业化水平不相适应③该国属发达国家④阶段Ⅲ，该国经济增长主要来自第三产业	0	0	0	0	0	1
13403-1	工业化与城市化是相互影响相互制约，经济的不同发展阶段，工业化与城市化的进程快慢不同。某国工业化城市化进程比较图，完成下列问题。阶段Ⅲ，该国吸纳劳动力的主要产业部门有①劳动密集型产业②资源密集型产业③技术密集型产业④现代服务业	0	1	0	0	0	0
13469-0	为了延缓老龄化进程，我国调整了人口政策，2016年1月1日，正式实施全面放开二孩政策。为2010-2040年我国人口老龄化程度预测图”。，下列各题。导致我国人口老龄化出现城乡差异的主要原因是	0	0	0	1	0	0
13470-0	北京市早已启用卫星监测雾霾PM25的污染状况。北京市各月PM2.5分布状况图完成下列问题。下列关于PM2.5浓度说法正确的是①秋冬季大气流动强浓度高②秋冬季燃煤排放浓度高③春夏季高压控制下浓度低④夏季大气降水多浓度低	0	0	0	0	1	0
13487-0	我国郑州成都南昌和广州四大城市年降水量的季节分配表，问题。①、②、③、④分别代表的城市是	0	0	0	1	0	0
13487-1	我国郑州成都南昌和广州四大城市年降水量的季节分配表，问题。导致②城市夏季降水量比重最小的主要原因是	0	0	0	1	0	0
13596-0	一个国家的劳动年龄人口占总人口比重较大，抚养率比较低，为经济发展创造了有利的人口条件，即出现人口红利”。反之，可能出现人口负债”。抚养比是指少儿人口0-14岁及老年人口65岁及以上之和与劳动年龄人口15-64岁之比，就业比是指劳动年龄人口与总人口之比。，完成以下问题。婴儿潮指的是在某一时期及特定地区，出生率较高的现象，下列年份中婴儿潮较明显的是	0	0	0	0	1	0
13596-1	一个国家的劳动年龄人口占总人口比重较大，抚养率比较低，为经济发展创造了有利的人口条件，即出现人口红利”。反之，可能出现人口负债”。抚养比是指少儿人口0-14岁及老年人口65岁及以上之和与劳动年龄人口15-64岁之比，就业比是指劳动年龄人口与总人口之比。，完成以下问题。关于上图信息说法正确的是	0	0	0	0	1	0
13631-0	客运周转量是指在一定时期内运送旅客数量与运送里程的乘积货运周转量是指在一定时期内运送的货物吨数和它的运输距离的乘积运输重心是指在区域空间里的某一点，在该点各个方向上的运输量能够维持相对均衡。为1978年-2005年中国铁路客运量客运周转量货运量货运周转量重心变化轨迹示意图”。以下问题。据图可以，与其他3个指标相比	0	1	0	0	0	1
13795-0	我国建国以来人口出生率与死亡率图完成下题图中我国人口增长模式转变迅速的主要原因是	0	1	0	0	0	0
13820-0	和田河位于新疆维吾尔自治区塔里木盆地南部，是昆仑山北坡最大河流。为40多年来新疆夏季0层平均高度变化和河流径流变化趋势图”。，完成题。由图示信息可知，和田河的主要补给来源是	0	0	0	1	0	0
13923-0	为我国沿海某省1960-2060年间出生率与死亡率的变化及预测图，下面小题。关于该省人口自然变化的叙述，正确的是	0	0	0	1	0	0
13923-1	为我国沿海某省1960-2060年间出生率与死亡率的变化及预测图，下面小题。该省目前人口增长模式为	0	0	0	0	1	0
13977-0	四川省遂宁市2015年人口普查数据表，下面小题。只考虑人口自然增长，该市的人口增长模式是	0	0	1	0	0	0
13977-1	四川省遂宁市2015年人口普查数据表，下面小题。数据能反映的该市人口问题是	0	0	1	0	0	0
13985-0	我国谋省2001-2013年工业产值比重及污染密集型行业和高新技术产业产值比重的变动趋势图。下面小题。由图示信息可知	0	0	0	0	0	1
13990-0	某省2003年与2030年预测人口年龄结构比较图，完成下面小题。2030年与2003年相比，下列说法中最不可能出现的是	0	0	0	1	0	0
13990-1	某省2003年与2030年预测人口年龄结构比较图，完成下面小题。近几年，该省人口及社会状况可能出现的问题有①就业压力大②养老负担重③适龄儿童入学困难④人力资源数量短缺	0	0	0	1	0	0
14049-0	传统经济发展模式的转变推动了企业区位偏好的改变，时间价值成为影响企业决策的重要因素，机场周边地区成为驱动城市经济增长的新型经济空间。示意北京首都机场距市中心25km附近制造业物流业金融业和商务服务业咨询广告中介等的分布密度。完成下列各题。图中表示物流业分布密度变化的曲线是	0	1	0	1	0	0
14049-1	传统经济发展模式的转变推动了企业区位偏好的改变，时间价值成为影响企业决策的重要因素，机场周边地区成为驱动城市经济增长的新型经济空间。示意北京首都机场距市中心25km附近制造业物流业金融业和商务服务业咨询广告中介等的分布密度。完成下列各题。在该区域内空间布局最灵活的产业是	0	0	0	0	0	1
14068-0	不同类型国家人口年龄系数曲线图，回答题。图中四条曲线表示内容正确的是	0	0	0	0	0	1
14068-1	不同类型国家人口年龄系数曲线图，回答题。发达国家和发展中国家老年人口系数超过少年儿童人口系数的时间依次是	0	0	1	1	0	0
14101-0	研究发现，中国未来老年人照料负担比将持续提高，在2030年代将进入重负阶段。老年人照料负担比是指某地人口中的老年照料需求者与老年人照料者之间的比值，通常计算如下：老年人照料负担比70岁及以上老年人口50岁至64岁人口100%。图文材料，完成下列各题。下列关于老年人口照料负担比指数的说法，正确的是	0	1	0	0	1	0
14158-0	为秦岭太白山南北坡气温垂直递减率的变化情况。完成下列各题。太白山南北坡气温垂直递减率	0	0	0	1	0	0
14158-1	为秦岭太白山南北坡气温垂直递减率的变化情况。完成下列各题。影响南北坡5-9月气温垂直递减率差异的主要因素是①纬度②坡度③气流运动④植被覆盖	0	0	0	1	0	0
14176-0	树干液流是植物体内由于叶片失水，从而引起水分通过木质部运输到叶片的过程，它是土壤一植物一大气连续体水流路径中一个关键的链接，承接了庞大的地下根系所吸收汇集的土壤水，决定了整个树冠的蒸腾量，可反映植物体内的水分传输状况。为某山地云杉林树干液流密度日变化示意图，完成下面小题。树干流液密度呈周期性变化的主导因素是	0	0	0	0	1	0
14218-0	中国城市化进程示意图完成下列各题。关于我国城市化进程特点的正确叙述是	0	1	0	0	0	0
14218-1	中国城市化进程示意图完成下列各题。城市化进程过快可能出现的环境问题是	0	1	0	0	0	0
14265-0	我国五个自治区行政中心城市气候资料表。袁中数据，下列问题。①②③④序号对应的城市是	1	0	0	1	0	0
14265-1	我国五个自治区行政中心城市气候资料表。袁中数据，下列问题。城市①冬春季降水较多的原因是受	0	0	0	0	1	0
14431-0	水量盈余率是衡量水库蓄水量变化的重要指标水量盈余率流入量/流出量）。为北半球某水库各月水量盈余率统计图。，下列各题下列说法正确的是	0	0	1	0	0	0
14431-1	水量盈余率是衡量水库蓄水量变化的重要指标水量盈余率流入量/流出量）。为北半球某水库各月水量盈余率统计图。，下列各题该水库库区所处的自然带最有可能是	0	0	1	0	0	0
14449-0	城市功能用地的演替表现为用地的扩展和不同功能用地间的相互转换。我国北方某综合性大城市中心城区的建成区面积从2003年的237平方千米增加至2012年的330平方千米。为2003-2012年该城市某主要功能用地的演替示意图。，完成下面小题。图中所示的城市功能用地最可能是	0	0	1	0	0	0
14449-1	城市功能用地的演替表现为用地的扩展和不同功能用地间的相互转换。我国北方某综合性大城市中心城区的建成区面积从2003年的237平方千米增加至2012年的330平方千米。为2003-2012年该城市某主要功能用地的演替示意图。，完成下面小题。2003-2012年功能用地的变化表明该城市	0	1	1	0	0	0
14490-0	示意我国陕西新疆青海三省区日照时数逐月变化图，图中①、②、③所代表的省级行政区依次为新疆青海陕西，，完成下列各题。①省区在6月份日照时数最大的主要原因是	1	0	0	0	0	0
14490-1	示意我国陕西新疆青海三省区日照时数逐月变化图，图中①、②、③所代表的省级行政区依次为新疆青海陕西，，完成下列各题。影响②、③两省区日照时数冬季差异大的因素是	0	0	0	1	0	0
14565-0	下面珠江三角洲地区工业总产值增长图，小题。在阶段Ⅰ中珠江三角洲地区的主导产业是	0	0	0	0	1	0
14565-1	下面珠江三角洲地区工业总产值增长图，小题。进入阶段Ⅱ后，珠江三角洲地区经济迅速发展的条件是①世界经济全球化信息化蓬勃发展②发达国家与地区新一轮的产业结构调整③劳动力成本降低④政策优势突显	0	1	0	0	0	0
14575-0	如图是某海滨地区海洋与陆地表面气温日变化的曲线图，据图分析以下题有关甲图描述正确的是	0	0	0	1	0	1
14606-0	为到达地球大气上界的太阳辐射随纬度分布图。据此完成下列各题。从图中可以看出太阳辐射的分布规律是	0	0	0	0	0	1
14655-0	为某特大城市中心商务区白天人口与夜间人口密度变化图”。白天人口主要指工作人口，夜间人口主要指居住人口。完成下列问题。中心商务区白天人口与夜间人口密度的变化直接反映	0	0	0	0	0	1
14655-1	为某特大城市中心商务区白天人口与夜间人口密度变化图”。白天人口主要指工作人口，夜间人口主要指居住人口。完成下列问题。中心商务区白天人口与夜间人口密度变化的必备条件是	0	0	0	0	0	1
14657-0	为四国城市人口比重变化示意图”。完成下列问题。本世纪以来，城市化水平最高.发展速度最快的分别是	0	1	1	1	0	0
14657-1	为四国城市人口比重变化示意图”。完成下列问题。最早出现逆城市化现象的是	0	1	0	0	0	0
14836-0	人口与女性人口的比值通常指100个女性对应的男性人口数)。为我国近30年来出生人口活产婴儿和总人口性别比的变化图。据此完成下列小题。我国目前的这种出生人口性别比特点对未来造成的影响包括①“剩男现象明显增加②女性择偶标准降低③“老夫少妻现象增加④不会引发社会问题跨国婚姻有所增多	0	0	0	1	0	1
14918-0	该表为我国土地荒漠化发展情况80年代以后，加速我国土地荒漠化面积扩大的主要原因是	0	1	0	0	0	1
14924-0	我国某地区坡耕地面临严重的土地退化问题。示意该地采用不同农耕措施下的地表径流量变化。据此完成下列各题。图中农耕措施①②③依次表示	0	0	0	1	0	0
14924-1	我国某地区坡耕地面临严重的土地退化问题。示意该地采用不同农耕措施下的地表径流量变化。据此完成下列各题。该地位于	0	0	0	0	1	0
14972-0	气温日较差是一天中最高气温与最低气温的差值。图是某年3月1日至17日上海地区气温折线图。完成下题。图中最高气温表示一天中的最高气温，最低气温表示一天中最低气温。17天中，最高气温出现在	1	0	0	0	0	0
14972-1	气温日较差是一天中最高气温与最低气温的差值。图是某年3月1日至17日上海地区气温折线图。完成下题。下列4天中，气温日较差最大的一天是	0	0	1	1	0	0
14988-0	读下表数据统计截至2013年底），下列各题。依据表中信息可判断	1	0	0	0	1	0
15009-0	美日德三个国家各自经历了迥然不同的城市化发展道路，分别是美国的大都市区发展模式日本的综合发展模式和德国的中小城市发展模式。美国人口主要居住在大都市区内。大城市聚集发展在日本城市化进程中起着非常重要的带动作用，同时中小城市也发挥了重要的作用。德国居住在10万人口以上较大城市的人口仅有2500万，占总人口的30%左右。示意美日德三个国家城市化发展历程。，完成下列各题。甲乙丙依次表示	0	1	0	1	0	0
15009-1	美日德三个国家各自经历了迥然不同的城市化发展道路，分别是美国的大都市区发展模式日本的综合发展模式和德国的中小城市发展模式。美国人口主要居住在大都市区内。大城市聚集发展在日本城市化进程中起着非常重要的带动作用，同时中小城市也发挥了重要的作用。德国居住在10万人口以上较大城市的人口仅有2500万，占总人口的30%左右。示意美日德三个国家城市化发展历程。，完成下列各题。图示三个国家中	0	1	0	0	0	0
15056-0	季风指数是季风现象明显程度的量值，其大小反映一个地区季风环流的强弱程度。示意我国东部地区1880-2000年的夏季风指数a和冬季风指数b距平距平是某一系列指数值中的每一个数值与平均值的差值曲线。下列各题。1960-1970年期间，与多年平均状况相比	0	0	1	0	0	0
15079-0	某中等城市常住人口密度与距市中心距离关系图，完成题。住宅区密集分布的区域是	0	0	0	0	1	0
15079-1	某中等城市常住人口密度与距市中心距离关系图，完成题。距市中心2千米内常住人口密度并不最高的主要原因是该区	0	0	0	0	1	1
15088-0	国家人口发展规划2016-2030年）》中指出，未来十几年我国人口发展进入关键转折期。表1为我国人口变化预测数据。据此完成下列各题。下列说法符合我国人口发展趋势的是	0	1	0	0	0	0
15088-1	国家人口发展规划2016-2030年）》中指出，未来十几年我国人口发展进入关键转折期。表1为我国人口变化预测数据。据此完成下列各题。根据我国常住人口城镇化率的变化，推测其对我国农村的影响①推动农业机械化水平的提高②农村劳动力平均年龄变小③有利于农村生态环境的改善④农村学校儿童上学平均距离缩短	0	1	0	0	0	0
15115-0	某产业建厂的几个预选地点与成本分析表，据表回答题从经济效益看，该厂最好建在	0	0	0	1	0	0
15115-1	某产业建厂的几个预选地点与成本分析表，据表回答题如果该公司吸引了外商投资，在丙地适宜发展的工业部门有①服装公司②软件开发公司③有色金属冶炼厂④移动通信器材厂普通制鞋厂	1	0	0	1	0	0
15150-0	研究表明，青藏高原对流层厚度随时问变化示意青藏高原上空对流层项各月多年平均的气压值变化，据此完成下面小题。青藏高原地区对流层顶高度上升幅度摄大的时段是	0	1	0	0	0	0
15150-1	研究表明，青藏高原对流层厚度随时问变化示意青藏高原上空对流层项各月多年平均的气压值变化，据此完成下面小题。青藏高原夏季对流层顶气压最低，主要原因是该季节	0	0	0	0	1	0
15153-0	右表为我国三个地区甲乙丙三河各月流量资料立方米/秒）。据此问题。甲乙丙三条河流所在地区依次为	1	0	0	1	0	0
15153-1	右表为我国三个地区甲乙丙三河各月流量资料立方米/秒）。据此问题。乙河12月份断流的主要原因是	0	0	1	0	0	0
15165-0	中国日本和韩国人口负担系数百年比较注：人口负担系数：（14岁及以下人口数65岁及以上人口数）／（15-64岁人口数）×100％]，下面小题。国际上一般把人口负担系数≤50称为人口机会窗口期。据图，中国人口机会窗口达到顶点的时间为	1	0	0	0	0	0
15165-1	中国日本和韩国人口负担系数百年比较注：人口负担系数：（14岁及以下人口数65岁及以上人口数）／（15-64岁人口数）×100％]，下面小题。据图可知，日本人口机会窗口期约为	0	0	1	0	0	0
15166-0	城市热岛强度是指城市中心区温度减去城市郊区温度所得数值。为北京市热岛强度的季节和日变化示意图，完成下面小题。一年中，北京热岛强度	0	0	0	1	0	0
15180-0	所谓人口红利是指一个国家的劳动年龄人口15-59岁占总人口比重较大，抚养率比较低，为经济发展创造了有利的人口条件。表示美国日本印度中国四国劳动年龄人口数量，完成下列各题。图中甲乙丙丁分别是	0	0	0	1	0	1
15284-0	中国和法国城市化进程图，完成下题1979年以来，中国城市化速度加快的主要原因是	0	1	0	0	1	0
15284-1	中国和法国城市化进程图，完成下题与中国相比，法国城市化进程的特点是	0	1	0	1	0	0
15324-0	2018卷Ⅰ）户籍人口是指依法在某地公安户籍管理机关登记了户口在人口，常住人口是指实际居住在某地一定时间半年以上的人口，图1示意近十年来我国某直辖市户籍人口与常住人口的数量变化，据此完成小题。根据图示资料推测，近十年来该直辖市	0	1	0	0	0	1
15324-1	2018卷Ⅰ）户籍人口是指依法在某地公安户籍管理机关登记了户口在人口，常住人口是指实际居住在某地一定时间半年以上的人口，图1示意近十年来我国某直辖市户籍人口与常住人口的数量变化，据此完成小题。该直辖市是	0	1	1	0	0	1
15366-0	如图是某城市不同时期人口密度空间变化图并结合所学知识，完成下题若甲乙丙代表该城市发展的三个阶段，则其发展的顺序是	0	0	0	1	0	1
15366-1	如图是某城市不同时期人口密度空间变化图并结合所学知识，完成下题该城市在此发展过程中出现的现象是	0	0	0	1	0	1
15387-0	为江苏省十一五”“十二五期间城市人口和总人口变化示意图。，完成下列各题。图示时期，江苏省	0	1	1	0	0	0
15422-0	雾霾的主要成因是PM25的排放，即大气中直径小于或等于25微米的颗粒物，也称可入肺颗粒物。为天津市某年四季PM25平均日变化分布图。下面小题。代表冬季的曲线是	0	0	0	1	0	0
15422-1	雾霾的主要成因是PM25的排放，即大气中直径小于或等于25微米的颗粒物，也称可入肺颗粒物。为天津市某年四季PM25平均日变化分布图。下面小题。各个季节早晨7至9时左右均出现峰值，主要是	1	0	0	0	1	0
15423-0	为我国六次人口普查统计图。，下列各题。我国人口增长速度最快的时段是	0	1	0	0	0	0
15423-1	为我国六次人口普查统计图。，下列各题。图中反映出，目前我国人口面临的主要问题是	0	0	1	0	0	0
15425-0	为我国某河流某水文站多年平均径流量图。，下列各题。该河流可能位于我国	1	0	0	0	1	0
15425-1	为我国某河流某水文站多年平均径流量图。，下列各题。该河流的补给水源主要为	1	0	0	0	1	0
15439-0	该表是XY地全年降水量实际蒸发量和可能蒸发量各月数据表，完成Y地气候类型，最可能是	0	0	0	0	1	0
15439-1	该表是XY地全年降水量实际蒸发量和可能蒸发量各月数据表，完成X地最可能分布在	0	0	0	1	0	0
15470-0	某大城市居民出行时间分布比例变化图完成下面小题。人员出行与图中曲线最相符的城市功能区是	0	0	0	0	1	0
15470-1	某大城市居民出行时间分布比例变化图完成下面小题。与2000年相比，2012年甲时段出行比例下降的主要原因是	0	0	0	1	0	0
15471-0	我国某市1980年至2012年间城镇化进程中市区人口城镇化水平与建成区面积变化相对上一年示意图，完成下列问题。1980-2012年间，该城镇①城市总面积逐年增加②城镇化水平有的年份升高，有的年份下降③市区人口基本没有变化④建成区面积与市区人口都有增加的趋势	0	0	1	0	0	1
15471-1	我国某市1980年至2012年间城镇化进程中市区人口城镇化水平与建成区面积变化相对上一年示意图，完成下列问题。该市城镇化进程中不可能出现的现象是	0	0	1	0	0	1
15499-0	图为某地某日一次强台风过程的风速逐时变化图并根据所学知识，完成下题在15-17时该地出现的天气现象是	1	0	0	0	1	0
15516-0	老年抚养比为65岁含65岁以上老年人口与15-64岁劳动人口之比，如图示意中国与印度历年老年抚养比变化情况含预测）。据此完成问题。图中信息显示	0	1	0	1	0	0
15516-1	老年抚养比为65岁含65岁以上老年人口与15-64岁劳动人口之比，如图示意中国与印度历年老年抚养比变化情况含预测）。据此完成问题。印度老年抚养比低于中国的主要原因是	0	0	0	1	0	0
15571-0	全面二孩政策自2016年1月1日起施行，这是继单独二孩政策，之后的有一次人口政策调整，为放开二孩政策前后2010-2030年中国人口总量变化趋势对比。据此完成下列问题。全面放开二孩后人口增长速度最快的时间段是	0	1	0	0	0	0
15575-0	近年来，大城市城区交通拥堵日趋严重。我国直辖市机动车辆数和主城区道路里程表，下列问题。据表推测，堵车最严重的城市是	1	0	0	0	0	0
15589-0	我国第五次人口普查时江苏省某市迁入人口年龄及性别统计表据此下列各题该市迁入的人口特征有①男性人口多于女性人口②人口迁移主要受经济因素影响③以青壮年人口为主④与该市原有人口年龄构成相似	1	0	0	1	0	0
15928-0	门到门旅行时间是指旅客从出发地到目的地的总旅行时间，除了旅途时间外，还包括往交通站点路途用时以及等候的时间。为高铁和甲运输方式在不同的旅行距离与门到门旅行时间的关系图，下列各题甲运输方式应该是	0	0	0	1	0	0
15928-1	门到门旅行时间是指旅客从出发地到目的地的总旅行时间，除了旅途时间外，还包括往交通站点路途用时以及等候的时间。为高铁和甲运输方式在不同的旅行距离与门到门旅行时间的关系图，下列各题图中两种运输方式竞争最激烈的旅行距离是	0	0	0	1	0	0
15958-0	人口机械增长率是指某地某时段内迁入与迁出人口数的差值与总人口之比。为上海市人口自然增长率和机械增长率变化图。，完成下列各题。上海市人口数量最多的年份是	0	0	1	0	0	0
15958-1	人口机械增长率是指某地某时段内迁入与迁出人口数的差值与总人口之比。为上海市人口自然增长率和机械增长率变化图。，完成下列各题。该市2010年后机械增长率下降的原因最可能是	0	1	0	0	0	0
16183-0	为北半球亚热带同纬度大陆东西两岸沿海两地年降水量逐月累计曲线图”。问题。①地区降水	0	1	0	0	0	0
16183-1	为北半球亚热带同纬度大陆东西两岸沿海两地年降水量逐月累计曲线图”。问题。②地区利用当地典型农产品，可发展	0	1	0	0	0	0
16223-0	是某国1960-2010年人口出生率和死亡率变化图，，完成下列各题。目前，该国面临的主要人口问题是	0	0	0	1	1	0
16223-1	是某国1960-2010年人口出生率和死亡率变化图，，完成下列各题。该国人口数量减少的时间段大约是	0	0	0	1	0	0
16300-0	南京市2017年3月5-12日天气信息统计表”。，下面小题。与3月5日相比，有关3月9日的说法，不可信的是	0	0	1	0	0	1
16312-0	南京市某民居正南朝向窗户正午时阳光照射在室内地面上的面积统计表”。表材料，下面小题。若某日该民居室内正午光照面积达一年中最大值，则	1	0	0	0	0	1
16365-0	一个国家的劳动年龄人口占总人口比重较大，抚养率比较低，为经济发展创造了有利的人口条件，即出现人口红利”。反之，可能出现人口负债”。抚养比是指少儿人口0-14岁及老年人口65岁及以上之和与劳动年龄人口15-64岁之比，就业比是指劳动年龄人口与总人口之比。，问题。婴儿潮指的是在某一时期及特定地区，出生率较高的现象，下列年份中婴儿潮较明显的是	0	0	0	0	1	0
16365-1	一个国家的劳动年龄人口占总人口比重较大，抚养率比较低，为经济发展创造了有利的人口条件，即出现人口红利”。反之，可能出现人口负债”。抚养比是指少儿人口0-14岁及老年人口65岁及以上之和与劳动年龄人口15-64岁之比，就业比是指劳动年龄人口与总人口之比。，问题。关于上图信息说法正确的是	0	1	0	0	1	0
16378-0	人口红利是指一个国家的劳动年龄人口占总人口比重较大，抚养率比较低，为经济发展创造了有利的人口条件，人口红利拐点显现往往是人口红利消失的前兆，2012年我国劳动年龄人口在相当长时期里第一次出现了绝对下降。为亚洲四个国家不同时期劳动年龄人口占总人口比重示意图。结合材料完成下列各题。图中甲乙丙丁所代表的国家分别是	1	0	0	0	0	0
16454-0	自全国放开单独二孩政策两年来，从政策效果看，远低于预期，为促进人口均衡发展，应对可能出现的人口问题，2016年启动全面实施一对夫妇可生育两个孩子政策。示意我国1960-2045年每五年劳动人口增长率变化含预测）,完成问题。根据图示我国劳动人口数量最多的年份是	0	0	1	0	0	0
16561-0	抚养比是指非劳动力人口数与劳动力人口数之间的比率。老年抚养比=(65岁以上人口数/15-64岁人口数)×100%；少年抚养比=(0-14岁少年儿童人口数∕15-64岁人口数)×100%。“人口红利期是指随着生育率的下降和总人口中劳动适龄人口比重的上升，形成了一个劳动力资源相对丰富人口抚养负担相对较轻的时期。图为我国不同年龄段人口比例随时间变化图，完成下列各题。在最大人口红利期，老年抚养比少年抚养比大约是	1	0	1	0	0	0
16820-0	抚养比是指人口中非劳动年龄人口数与劳动年龄人口数之比。当总抚养比小于等于50%时称为人口红利期。示意福建省2000-2010年抚养比变化。，下列各题。福建省开始进入人口红利期的时间是	0	0	1	0	0	0
16820-1	抚养比是指人口中非劳动年龄人口数与劳动年龄人口数之比。当总抚养比小于等于50%时称为人口红利期。示意福建省2000-2010年抚养比变化。，下列各题。据材料可以推断，福建省	0	1	0	0	0	0
16835-0	种植类型多样性指数可以衡量区域农业发展过程中种植结构的变化，数值越大，农作物的多样性越强。老挝地处中南半岛北部，属于热带季风气候。该国以稻谷种植为主，是典型的传统农业国。示意图1975-2015年种植类型多样性指数的变化，据此完成下面小题。2005年以来，影响老挝种植类型多样性指数变化的主要因素是	0	0	0	0	0	1
16844-0	某城市是环形放射状道路，回答题。图中能正确表示城市从市中心到外缘地租水平变化趋势的曲线是	0	0	0	0	0	1
16846-0	为相同降水量下的城市化前后地表径流过程曲线图。，下列各题。关于甲乙两条曲线的叙述，正确的是①甲曲线代表城市化前的地表径流②乙过程有利于地下水的补给③甲的长期后果可能造成城市水荒④乙过程下渗量小于甲过程	1	0	0	1	0	0
16846-1	为相同降水量下的城市化前后地表径流过程曲线图。，下列各题。甲曲线最大值提前于乙曲线最大值的主要原因是	1	0	0	1	0	0
16923-0	北京市2015年11月天气状况表，完成下列各题。注：霾是指大气中大量烟尘等微粒悬浮而形成的浑浊现象。霾日时，能见度变差，主要是因为	0	0	1	0	0	0
17029-0	为山东省1953-2010年面积-人口洛伦兹曲线，图中曲线越接近绝对均衡线说明人口分布越均衡。据此以下问题。山东省1953年以来，人口分布状况是	0	0	0	1	0	0
17029-1	为山东省1953-2010年面积-人口洛伦兹曲线，图中曲线越接近绝对均衡线说明人口分布越均衡。据此以下问题。引起山东省1953年以来人口分布变化的主要因素	0	0	0	1	0	0
17043-0	世界主要小麦生产国产量变化图。据此问题。本世纪以来，导致中国小麦年产量持续下降的原因最可能是	0	1	0	0	0	0
17043-1	世界主要小麦生产国产量变化图。据此问题。美国小麦年产量一直比加拿大高的主要原因是	0	0	0	1	0	0
17090-0	水量盈余率是衡量水库蓄水量变化的重要指标水量盈余率流入量/流出量)。2013年我国某水库各月水量盈余率统计图完成下列问题。该水库储水量最大的时期是	0	0	1	0	0	0
17090-1	水量盈余率是衡量水库蓄水量变化的重要指标水量盈余率流入量/流出量)。2013年我国某水库各月水量盈余率统计图完成下列问题。该水库最有可能位于	0	0	1	0	0	0
17127-0	复种指数是指一定时期内一般为1年），在同一块耕地上，农作物的种植面积与耕地面积的比值。为我国某地区复种指数变化统计。据此完成下列各题。图示省份可能是	0	0	1	0	0	0
17127-1	复种指数是指一定时期内一般为1年），在同一块耕地上，农作物的种植面积与耕地面积的比值。为我国某地区复种指数变化统计。据此完成下列各题。导致该地图示时间内复种指数下降的主要原因是	0	1	0	0	0	0
17127-2	复种指数是指一定时期内一般为1年），在同一块耕地上，农作物的种植面积与耕地面积的比值。为我国某地区复种指数变化统计。据此完成下列各题。复种指数的降低带来	0	1	0	0	0	0
17280-0	我国某省2010-2014年人口数据表。人口的数量变化对农业工业都有非常重要的影响。该省是我国耕地面积大重工业比重大的省份。据此以下问题。该省最可能是	0	0	1	0	0	0
17280-1	我国某省2010-2014年人口数据表。人口的数量变化对农业工业都有非常重要的影响。该省是我国耕地面积大重工业比重大的省份。据此以下问题。影响该省常住人口总数变化的主要因素是	0	0	1	0	0	0
17280-2	我国某省2010-2014年人口数据表。人口的数量变化对农业工业都有非常重要的影响。该省是我国耕地面积大重工业比重大的省份。据此以下问题。针对表中所反映的现象，该省采取的措施不合理的是	0	1	0	0	0	0
17449-0	为长江三角洲某城市多年平均太阳辐射值逐月变化柱状图。完成各题。该城市平均太阳辐射值最大的季节是	0	0	0	0	1	0
17449-1	为长江三角洲某城市多年平均太阳辐射值逐月变化柱状图。完成各题。该城市各月平均太阳辐射值	0	0	1	0	0	0
17456-0	四川省成都市2015年人口普查数据表，下面小题。只考虑人口自然增长，该市的人口增长模式是	0	0	1	0	0	0
17652-0	表示的是改革开放以来全国及国内三大经济地带城市化水平的变化情况。完成下列问题。图中反映中部地带城市化水平变化情况的曲线是	0	0	0	1	0	0
17779-0	吉林省2016年2017年年末人口数及其构成表，完成下列各题。与2016年相比，吉林省2017年人口变化的原因可能有①人口死亡率高②人口出生率低③人口外迁量多④执行了全面二胎的人口政策	0	0	0	1	0	0
17825-0	为贵州和江苏2007-2016年城镇人口比重变化图”。，完成下列各题。与江苏相比，贵州城市化进程的特点表现为	0	0	0	1	0	0
17825-1	为贵州和江苏2007-2016年城镇人口比重变化图”。，完成下列各题。导致江苏贵州两省城市化水平差异的主要因素是	0	0	0	1	0	1
17848-0	是2010年以来我国生产要素价格与汇率变化折线图，据此完成下列各题。2010年以来生产成本明显上升的企业有	0	1	0	0	0	0
17923-0	川气东送被列为继三峡工程西气东输青藏铁路南水北调之后的中国第五大工程，该工程西起四川普光气田，东至上海市。表1为我国能源消费结构(%)表。据此回答题。关于我国能源消费结构的说法正确的是	0	1	0	1	0	1
17944-0	榨菜方便面火腿肠等是流动人口最为常见的消费品。为某上市公司生产的榨菜在两个分区销售份额占比的变化数据。据此下列各题。该销售份额占比的变化，能说明2011年后	0	1	0	0	0	0
17955-0	潜在支持比是15-64岁劳动年龄人口与65岁及以上老年人口的比值。为中国印度美国和日本四国人口潜在支持比变化图。下列各题。潜在支持比变化图代表中国的是	0	0	0	1	0	1
17955-1	潜在支持比是15-64岁劳动年龄人口与65岁及以上老年人口的比值。为中国印度美国和日本四国人口潜在支持比变化图。下列各题。下列叙述不正确的是	0	0	0	1	0	1
17985-0	人口负担系数一[（14岁及以下人口数65岁及以上人口数）／（15-64岁人口数）]×100%。当人口负担系数≤50%，则称为人口机会窗口期。是中国韩国和日本人口负担系数百年比较图，，完成下面小题。图中①②③曲线与其对应的国家，正确的是	0	0	1	1	0	0
17985-1	人口负担系数一[（14岁及以下人口数65岁及以上人口数）／（15-64岁人口数）]×100%。当人口负担系数≤50%，则称为人口机会窗口期。是中国韩国和日本人口负担系数百年比较图，，完成下面小题。据图可知，“人口机会窗口期一般为	0	0	1	1	0	0
18059-0	图为我国某省区三大产业产值比重与城市人口比重的变化图，其中①代表第二产业产值比重的变化，②代表城市人口比重的变化，③代表第三产业产值比重的变化，④代表第一产业产值比重的变化。完成以下问题。下列省区中，与图示省区最相符的是	0	0	0	1	1	0
18059-1	图为我国某省区三大产业产值比重与城市人口比重的变化图，其中①代表第二产业产值比重的变化，②代表城市人口比重的变化，③代表第三产业产值比重的变化，④代表第一产业产值比重的变化。完成以下问题。图中曲线变化反映出该省区的城市化发展特点是	0	1	0	0	0	0
18074-0	雾霾天气，是造成城市里大面积低能见度的情况。在早上或夜间相对湿度较大的时候，形成的是雾在白天气温上升湿度下降的时候，逐渐转化成霾。这种现象既有气象原因，也有污染排放原因。某城市一天中PM2.5变化图，下列各题。下列有关上图中PM2.5出现两个峰值的主要原因，最合理的是	1	0	0	0	1	0
18100-0	图8为我国某省2001-2013年工业产值比重及污染密集型行业和高新技术产业比重的变动趋势图”。小题。由图示信息可知	0	0	0	0	0	1
18241-0	我国某城市不同指标下适度人口和最大人口的测算结果。据此完成。根据的数据可推测，该城市	1	0	0	0	0	0
18257-0	是某城市1990年和2010年人口密度空间分布图。，问题。下列四地单位面积人口数量，2010年较1990年增长最大的是	0	0	0	1	0	0
18330-0	示意某月份海平面平均气压沿两条纬线的变化状况。，完成下列各题。该月份可能是	1	0	0	0	0	0
18330-1	示意某月份海平面平均气压沿两条纬线的变化状况。，完成下列各题。图示区域50°N的东西气压差大于30°N的，其主要影响因素是	1	0	0	1	0	0
18343-0	地表有效辐射是指地面辐射与地面吸收的大气逆辐射的差值，通常用地表有效辐射通量密度表示，通量密度越大，代表有效辐射越大。示意我国三个地区地表有效辐射通量密度的不同月份变化，据此下列问题。图中abc三地分别是	0	0	0	0	1	0
18377-0	完成问题。如图所示，地面温度与气温的关系是	0	0	0	1	0	1
18377-1	完成问题。地面温度与气温的关系，说明地理原理是	0	0	0	1	0	1
18454-0	我国环境与人口信息表，完成下面小题。表中代表我国环境人口容量的数据是	0	0	1	0	0	0
18615-0	在过去几十年间，世界城市规模变化显著。由1955年的只有两个城市人口过千万，到2015年有八个城市人口过2000万。表为1955年和2015年世界前十位最大城市。据此完成下题。关于世界最大城市变化及原因叙述止确的是	0	0	1	0	0	0
18693-0	为我国某省区夏季与冬季气温日变化平均状况示意图，下列各题。该省区主要气候类型为	1	0	0	0	1	0
18693-1	为我国某省区夏季与冬季气温日变化平均状况示意图，下列各题。与冬季相比，影响夏季气温日较差小的主要因素	1	0	0	0	1	0
18713-0	我国迁移人口和流动人口变化图），下列各题。关于我国迁移人口和流动人口的变化，说法正确的是	0	0	0	0	0	1
18741-0	某城市市区由中心城区和远城区构成，图14为该城市不同时段人口年均增长率变化图，下列各题。图示时期，该城市人口	0	0	1	0	0	0
18741-1	某城市市区由中心城区和远城区构成，图14为该城市不同时段人口年均增长率变化图，下列各题。图示人口变化表明该市	0	0	1	0	0	0
18756-0	中美两国每公斤纺纱成本价单位：美元对比表，完成下题。导致美国每公斤纺纱成本较低的因素有①劳动力价格②贸易壁垒③原料价格④优惠政策	0	0	0	1	0	0
18827-0	抚养比是指非劳动力人口数与劳动力人口数1564岁之间的比率。表1为江苏省人口数据统计表部分）。1，完成下列各题。2000-2015年，江苏省	0	1	0	0	0	1
18840-0	甲乙两地人口的抽样调查表”（每10000人中各年龄段人数及死亡率统计）。完成下列各题。下列说法与表格内容相符的是	0	0	0	1	0	0
18856-0	太阳辐射中被绿色植物用来进行光合作用的那部分能量称为光合有效辐射，简称PAR，它直接影响着植物的生长发育产量和产品质量。太湖地区太阳总辐射Q与PAR的多年月平均值变化曲线图，下面小题。太湖地区太阳总辐射Q与PAR的季节变化特点是	0	0	0	0	1	0
18856-1	太阳辐射中被绿色植物用来进行光合作用的那部分能量称为光合有效辐射，简称PAR，它直接影响着植物的生长发育产量和产品质量。太湖地区太阳总辐射Q与PAR的多年月平均值变化曲线图，下面小题。造成太湖地区太阳总辐射Q6月和8月差异的主要因素是	0	0	1	0	0	0
18861-0	植物进行光合作用时对太阳辐射的吸收和利用具有选择性，通常把绿色植物能进行光合作用的400-700mm波段能量称为光合有效辐射。表示我国某地某日光合有效辐射，完成下面小题。该日日期及天气状况可能是	1	1	1	0	0	0
18930-0	2013-2014年北京abc三种服药大气污染的各月污染指数变化情况示意图图中大气污染的浓度越高，污染指数越大，则空气质量越差）。下列各题。如果影响北京空气质量的污染物主要是下列选项的四种，则据图其首要污染物是	0	0	0	0	1	0
19011-0	2016年末东北三省的常住人口年变化率情況表，完成下面小題。2016年东北三省的常住人口	1	0	0	1	0	0
19011-1	2016年末东北三省的常住人口年变化率情況表，完成下面小題。东三省人口迁移的主要自然因素是	0	0	1	0	0	0
19014-0	中国正跑步进入老龄化社会，而且在人口老龄化过程中，很长一段时期内，表现出农村人口老龄化程度高于城市的特点，即城乡倒置现象。完成下列问题。图中2020年之前，我国人口老龄化现象的主要原因是	0	0	0	1	0	0
19014-1	中国正跑步进入老龄化社会，而且在人口老龄化过程中，很长一段时期内，表现出农村人口老龄化程度高于城市的特点，即城乡倒置现象。完成下列问题。为缓解我国目前人口老龄化的城乡倒置现象，下列措施可行的是	0	0	0	1	0	0
19026-0	民以食为天，粮以土为本。”近年来，保护性耕作法越来越受到人们的重视，它是指对耕地实行免耕或浅耕措施，并在粮食收割时，及时将作物秸秆粉碎后归还农田，或者将庄稼茬子留在田地过冬。某地实验前后冬春季节有关资料表。据表下面小题。实验结果反映了实行保护性耕作法能①保持土壤水分②增强土壤透气性③增加大气湿度④减少空气污染	0	0	0	1	0	0
19100-0	中国四个城市建成区面积平方公里的变化表，下列各题。依据表格信息四个城市中服务范围最大的是	1	0	0	1	0	0
19207-0	我国各气候区城市热岛效应强度以市区和郊区气温差表示表，下列问题。有关各气候区城市热岛效应的说法正确的是	0	0	0	1	0	0
19262-0	海南省某市某公共自行车租赁点在6月10日至6月14日期间不同时段停放车辆统计表，完成下面小题。有关租赁点的位置，正确的是	0	0	0	0	1	0
19449-0	据国家统计局2007年2月28日发布的中华人民共和国2006年国民经济和社会发展统计公报》，2006年末我国人口为131448万人，中国60岁及以上人口已超过1.49亿，人口增长趋势图下面小题。关于我国人口容量的说法最正确的是	1	0	0	0	0	1
19559-0	中国德国日本和印度四国的城市化水平变化过程图，完成下面小题。1980-2000年城市化发展最快的国家是	0	1	1	1	0	0
19559-1	中国德国日本和印度四国的城市化水平变化过程图，完成下面小题。现阶段以中国印度为代表的发展中国家在城市化过程中可能出现①城市热岛效应显著②城市交通拥挤严重③城市内涝严重④逆城市化现象突出	0	0	0	1	0	0
19565-0	2016年9月21日，中新网报道，联合国难民署发布最新统计报告，今年到目前，跨越地中海抵达欧洲沿岸的难民和移民人数已经超过30万人。是欧洲某国家近40年人口统计折线图，完成下列各题。该国家人口数量开始增加的时间是	0	0	1	0	0	0
19649-0	某年底我国四省区部分运输方式线路长度表单位：千米）。，完成下列各题。①②③④四个省区分别为	0	0	0	1	0	0
19686-0	总抚养比是指非劳动年龄人口与劳动年龄15-64岁人口之比，包括少儿抚养比和老年抚养比。示意2005-2015年我国少儿抚养比和老年抚养比的变化情况。据此完成下列各题。2015年我国总抚养比约为	0	0	1	0	0	0
19686-1	总抚养比是指非劳动年龄人口与劳动年龄15-64岁人口之比，包括少儿抚养比和老年抚养比。示意2005-2015年我国少儿抚养比和老年抚养比的变化情况。据此完成下列各题。为应对老年人口抚养比变化可能带来的问题应采取的措施有①推迟退休年龄②调整生育政策③鼓励青年人外出务工④提高消费水平	0	0	0	0	1	1
19735-0	总和生育率也称总生育率，是指某国家或地区的妇女在育龄期间，每个妇女平均生育的子女数。我国总和生育率变化曲线图数据未包括香港澳门台湾），下面小题。1970年以后，我国总和生育率总体呈下降趋势，导致这种变化的主要原因是	0	1	0	0	0	0
19735-1	总和生育率也称总生育率，是指某国家或地区的妇女在育龄期间，每个妇女平均生育的子女数。我国总和生育率变化曲线图数据未包括香港澳门台湾），下面小题。如果图中所示变化趋势持续下去，最可能出现的是	0	0	0	0	0	1
19746-0	四个国家在同一年度中的粮食作物生产的统计表。，下面小题。最可能是商品谷物生产国的是	0	0	0	1	1	0
19746-1	四个国家在同一年度中的粮食作物生产的统计表。，下面小题。与丙丁两国农业生产特征相似的是	0	0	0	1	1	0
19790-0	多数学者认为，未来地球环境人口容量在100亿左右。为世界总人口推算图”。，下列各题。按图推算，世界人口突破警戒值的时间大约在	0	0	1	0	0	0
19810-0	中国印度斯里兰卡印度尼西亚日本五国某种农作物的栽培面积和生产量表，下列各题。该种农作物是	0	0	1	0	0	0
19889-0	出生人口性别比，是每出生百名女婴相对的出生男婴数，联合国明确认定了出生性别比的通常值域为102-107之间，其他值域则被视为异常。我国部分年份出生人口性别比数据，完成小题。下列关于近些年我国人口性别比数据的说法正确的是	1	0	0	0	0	1
19889-1	出生人口性别比，是每出生百名女婴相对的出生男婴数，联合国明确认定了出生性别比的通常值域为102-107之间，其他值域则被视为异常。我国部分年份出生人口性别比数据，完成小题。我国目前的这种出生人口性别比造成的影响包括①“剩男现象逐渐加重②女性择偶标准降低③“老夫少妻现象愈发明显④不会引发社会问题跨国婚姻可能增多	0	0	1	0	0	0
19970-0	今年某校兴趣小组收集到的安徽省4个酸雨观测站某月降水状况及酸雨监测数据。据此下列各题。据表中信息说出该月降水出现酸雨频率最高的城市是	1	0	0	0	0	0
20062-0	某地区城镇人口与乡村人口数量变化统计图。完成下列各题。有关该地图示时期城市人口与发展状况，叙述正确的是	0	1	0	1	0	1
20087-0	中国日本和韩国人口负担系数百年比较图，下列各题国际上一般把人口负担系数≤50%的时期称为人口机会窗口期，据图，中国人口机会窗口达到顶点的时间为	1	0	0	0	0	0
20101-0	某地地质灾害成灾频次示意图”（），下列各题。关于该地地理特征的叙述，可能的是①地形崎岖②全年降水丰富③地表基岩广布④地表岩石破碎，松散碎屑物多	1	0	0	0	1	0
50121-0	图8是我国人口相关数据统计图数据来源：国家统计局官网）。出生人口性别比为每出生100名女婴相对应的出生男婴数。，第1718题。洋流	0	0	0	1	0	1
50410-0	图11为某地区人口年龄结构示意图，图中abc分别表示1930年1970年2010年的人口年龄结构状况。完成2324题。该山南坡比北坡垂直自然带显著的主要原因是南坡	0	0	0	1	0	0
50415-0	图16为2010年我国部分省级行政区的单位面积煤炭消耗量，完成3435题。P过程中最有可能出现的环境问题是	1	0	0	1	0	0
50470-0	2014年，北京市常住人口出生率为9.75‰。图4为北京市2011-2014年人口变化示意图。，第6题。2011-2014年北京市①常住外来人口减缓了人口老龄化程度②常住人口增加反映出环境承载力增大③常住外来人口增速变化大于常住人口增速变化④常住人口增长特点为高出生率低自然增长率	0	0	0	1	0	1
50518-0	，问题。新疆十年来常住人口指实际居住在当地半年以上的人口数量增多，其原因是	0	1	0	0	1	0
50698-0	我国某贫困乡镇的产业结构畸形，农民收入来源单一，主要依靠种植业。图5是该乡镇2003-2012年的年降水量的变化图。，第9-11题。图4中水渠的作用主要有①灌溉②排水③防霜冻④水运	0	0	0	1	0	1
50698-1	我国某贫困乡镇的产业结构畸形，农民收入来源单一，主要依靠种植业。图5是该乡镇2003-2012年的年降水量的变化图。，第9-11题。该贫困乡镇最可能位于	0	0	0	1	0	1
51139-0	图2是世界各国城市人口比重与人均国民生产总值关系图。3-4题由图1得出的推断，正确的是	0	0	0	1	0	1
51147-0	1，结合所学知识1-2题。夜晚，学生们宿营最为安全的地点是	0	0	0	1	1	0
51208-0	图7为我国某河流中游水文观测站多年月平均降水量径流量输沙量变化图”。14-16题该流域	0	0	0	0	1	0
51313-0	图4是某地气温降水潜水水位潜水面海拔年内变化图。8-9题。虚线范围内的地势特征，从图中可推测出的是	0	0	0	1	1	0
51461-0	图8是1990-2010B年.我国能源消费与CGDP增长变化图。促进该市产业结构进一步升级的措施是\n①逐渐将纺织服装企业向内地转移②农林牧渔业全面发展\n③大量引进国外化工机械项目④加快发展第三产业	0	0	0	1	0	0
51461-1	图8是1990-2010B年.我国能源消费与CGDP增长变化图。能源消费与GDP的增长特点是	0	0	0	1	0	1
51598-0	图4是某城市1990年和2010年人口密度空间分布图。9-10题。据自然环境条件推断，图示地区下列土地利用类型的比例	0	0	0	1	0	0
90001-0	从大气环流角度分析两城市1月与7月降水的差异及原因。	0	0	0	1	1	0
90025-0	毛里求斯岛及附近区域示意图和相关材料，下列问题。结合表，简述普莱桑斯的气候特点及其形成原因。	0	0	0	0	1	0
90027-0	底特律是美国著名的工业城市。20世纪初底特律因优越的区位条件发展为世界汽车之都”。20世纪中期以来，受石油危机重创，加上日本德国等国汽车生产的冲击，开始走向衰落。2013年11月底特律因财政等问题而宣布破产。说出底特律1900年以来人口数量的变化特点，并简述引起其人口数量变化的主要原因。	0	1	0	0	0	1
90080-0	噪声污染按噪声源性质的不同，大致分为交通噪声污染工业噪声污染建筑施工噪声污染和社会生活噪声污染四大类型。适合人类生存的最佳声音环境为15至45分贝，而60分贝以上的声音就会干扰人们的正常生活和工作。我国重点城市各类功能区噪声监测声环境质量达标率的统计表，问题。据表概述重点城市功能区2010年较2009年的声环境质量达标率的变化特点。	0	0	0	1	1	0
90084-0	旅游地理近年来，随着经济的发展，我国出境游持续高热。据图简述我国出境游的特点。	0	0	0	1	1	1
90084-1	旅游地理近年来，随着经济的发展，我国出境游持续高热。游客在出境游时要注意哪些事项	0	0	0	1	1	1
90509-0	生物灾害是对我国农业生产影响较大的自然灾害，随着我国农业现代化的发展，生物灾害没有销声匿迹，还有逐年加重的趋势。结合下列材料问题。根据，说明蝗灾发生的主要季节及原因。	1	0	0	0	1	0
90531-0	旅游地理材料中反映出的青海省旅游资源的主要特征有哪些	0	0	0	0	1	0
90531-1	旅游地理从表中可以看出，作为青海近邻的西藏入青旅游的人却很少，分析其原因。	0	0	0	0	1	0
90595-0	北京市城市中心区与郊区平原区的相关数据比较表，下列问题从表中数据变化推断北京城市中心区易发生城市内涝的成因。	0	0	0	1	1	0
90612-0	结合试验数据，任选一个坡度范围的红壤分布区域，说出其合理利用的方式。	0	0	0	0	1	0
90683-0	下面图文资料，有关问题。“去工业化是指制造业就业比重持续下降。在去工业化浪潮冲击下，底特律市人口因迁移而急剧减少，结合图表分析其主要原因有哪些	0	0	0	1	1	0
90683-1	下面图文资料，有关问题。广东省东莞市被称为中国制造业之都位于广州市和深圳市之间。你认为该市未来的人口发展趋势如何请谈谈自己的理由。	0	1	0	1	1	0
90732-0	古代阿拉伯人把今突尼斯阿尔及利亚和摩洛哥所在地区统称为马格里布地区。图A为马格里布地区示意图，图B为该地区瓦德市的气候统计图，表为图A中①、②两城市各月平均日照时数表单位：小时）。完成下列问题。瓦德地区种植了大量的椰枣树，请结合当地自然环境特点，分析椰枣树的生长习性。	0	0	0	0	1	0
90763-0	印度尼西亚是世界上最大的群岛国家，河流众多而短小。根据下列材料，结合所学知识，完成下列各题。结合和所学知识，分析雅加达降水时间分布的特征和成因。	0	0	1	0	1	0
90763-1	印度尼西亚是世界上最大的群岛国家，河流众多而短小。根据下列材料，结合所学知识，完成下列各题。美国对中国进口轮胎实行惩罚性关税后，美国轮胎产商将可能把厂房转移至印度尼西亚，简析印度尼西亚承接转移的区位优势从原料劳动力交通进行分析）。	0	0	1	0	1	0
90768-0	根据第六次全国人口普查资料计算，2010年我国人口平均预期寿命达到74.83岁。我国人口年龄结构图平均预期寿命比较表，问题。据图表推断我国现阶段的人口问题，分析产生的原因。	0	0	0	1	0	0
90768-1	根据第六次全国人口普查资料计算，2010年我国人口平均预期寿命达到74.83岁。我国人口年龄结构图平均预期寿命比较表，问题。最近有媒体报道，国家将适度放宽计划生育政策，实行单独二胎”。你是否赞同请说明理由。	0	0	0	1	0	0
90786-0	北京市出现严重雾霾现象的原因是什么	1	0	0	0	1	0
90786-1	针对日益严重的雾霾天气，你认为应如何防治	1	0	0	0	1	0
90907-0	结合材料分析保加利亚发展玫瑰油产业的优势。	0	0	0	1	1	0
91015-0	根据下列材，，结合所学知识，完成题。依据材料，分析青岛市经济发展的有利条件。	0	0	0	1	0	0
91015-1	根据下列材，，结合所学知识，完成题。结合材料和已学知识，分析山东省农业可持续发展中存在的问题及对策。	0	0	0	1	0	0
91050-0	2010年11月1日中国十年一次的全国人口普查已经拉开帷幕，新的数据将揭示2000年以来我国人口与社会经济发展的秘密。下列问题。表A　2003年北京市与河南省人口增长指标(%)根据表A中数据，说明北京市与河南省人口增长的差异，试分析造成差异的主要原因。	0	0	0	1	0	0
91050-1	2010年11月1日中国十年一次的全国人口普查已经拉开帷幕，新的数据将揭示2000年以来我国人口与社会经济发展的秘密。下列问题。表A　2003年北京市与河南省人口增长指标(%)表B1990年-2000年京津冀地区人口迁移影响因素强弱变化对比其中呈负相关的因素有迁移距离和基础设施，解释表B中发生的变化。前一年移民的影响力增强说明京津冀地区人口迁移什么特征，此类迁移人口在城市聚居的空间分布有什么特点	0	0	0	1	0	0
91052-0	阅读资料，下列问题。依据资料，说明延庆县适合水果玉米种植的气候条件。并简述该地区水果玉米生产规模不断扩大的社会经济原因。	0	0	0	1	1	0
91052-1	阅读资料，下列问题。从旅游资源开发的角度，说明延庆县发展水果玉米采摘观光业的优势条件。	0	0	0	1	1	0
91052-2	阅读资料，下列问题。根据图所给信息，说出此种农业生产模式对当地发展的积极意义。	0	0	0	1	1	0
91137-0	图文资料，下列问题。表A 重庆气候资料29.6°N，106.5°E，海拔260m表B 武汉气候资料30.6°N，114.1°E海拔23m对比说明重庆和武汉两地冬季气温特征的差异及其形成原因。	0	0	0	1	0	0
91137-1	图文资料，下列问题。表A 重庆气候资料29.6°N，106.5°E，海拔260m表B 武汉气候资料30.6°N，114.1°E海拔23m说明西电东送对调出区和调入区的有利影响。	0	0	0	1	0	0
91137-2	图文资料，下列问题。表A 重庆气候资料29.6°N，106.5°E，海拔260m表B 武汉气候资料30.6°N，114.1°E海拔23m说明江汉平原农业生产的不利气候条件。	0	0	0	1	0	0
91160-0	简述进入台湾旅游的中国大陆客源地分布特点。	0	0	0	0	1	0
91160-1	分析台湾旅游资源多样性的原因。	0	0	0	0	1	0
91310-0	为我国某省区的年均温和年降水量空间分布图，该省区2000年-2008年土地利用变化表。表，完成题。分析该省区耕地面积变化的原因，并说明其对生态环境的有利影响。	0	0	0	1	1	0
91336-0	下列材料，问题。太阳能是清洁高效的新能源。德国早在四年前就启动了开发非洲北部沙漠地区太阳能发电项目DESERTEC），计划逐步在北非沙漠地区建立多座太阳能发电站，满足欧洲约15%的用电需求，其余供应电站所在国。经考察甲国将成为这一项目的最佳投资地。是甲国等高线地形简图，K港口气候资料表。描述K港口的气候特征，并分析其原因。	0	0	0	1	1	0
91336-1	下列材料，问题。太阳能是清洁高效的新能源。德国早在四年前就启动了开发非洲北部沙漠地区太阳能发电项目DESERTEC），计划逐步在北非沙漠地区建立多座太阳能发电站，满足欧洲约15%的用电需求，其余供应电站所在国。经考察甲国将成为这一项目的最佳投资地。是甲国等高线地形简图，K港口气候资料表。图中东南部地区等高线稀疏，地质灾害较少发生，试分析原因。	0	0	0	1	1	0
91336-2	下列材料，问题。太阳能是清洁高效的新能源。德国早在四年前就启动了开发非洲北部沙漠地区太阳能发电项目DESERTEC），计划逐步在北非沙漠地区建立多座太阳能发电站，满足欧洲约15%的用电需求，其余供应电站所在国。经考察甲国将成为这一项目的最佳投资地。是甲国等高线地形简图，K港口气候资料表。根据材料，分析甲国为何能成为德国太阳能开发项目的最佳投资地。	0	0	0	1	1	0
91432-0	中东部分地区图部分城市气候统计表，问题。请根据部分城市气候统计表简要说明该地区降水的南北差异并分析原因。	1	0	0	0	1	0
91432-1	中东部分地区图部分城市气候统计表，问题。该地区夏季昼夜温差比冬季昼夜温差大的原因是什么	1	0	0	0	1	0
91432-2	中东部分地区图部分城市气候统计表，问题。分析湖泊O盐度高的主要原因。	1	0	0	0	1	0
91473-0	阅读关于丹麦的资料，问题。丹麦自然资源较贫乏。除石油和天然气外，其他矿藏很少，所需煤炭全部靠进口。工业在国民经济中占重要地位，主要工业部门有石油开采造船电子化工等，产品60%以上出口。农牧渔业及食品加工业发达。2008年丹麦工业产值占国民生产总值的40.4%，农业占4.2%，2009年第三产业产值占58.2%。简要分析丹麦河流的水文特征。	0	0	0	0	1	0
91473-1	阅读关于丹麦的资料，问题。丹麦自然资源较贫乏。除石油和天然气外，其他矿藏很少，所需煤炭全部靠进口。工业在国民经济中占重要地位，主要工业部门有石油开采造船电子化工等，产品60%以上出口。农牧渔业及食品加工业发达。2008年丹麦工业产值占国民生产总值的40.4%，农业占4.2%，2009年第三产业产值占58.2%。与同纬度大陆东部地区相比，丹麦2月份气温有何特点分析其成因。试分析丹麦最热月出现在8月份的原因。	1	0	0	0	1	0
91473-2	阅读关于丹麦的资料，问题。丹麦自然资源较贫乏。除石油和天然气外，其他矿藏很少，所需煤炭全部靠进口。工业在国民经济中占重要地位，主要工业部门有石油开采造船电子化工等，产品60%以上出口。农牧渔业及食品加工业发达。2008年丹麦工业产值占国民生产总值的40.4%，农业占4.2%，2009年第三产业产值占58.2%。丹麦是世界上将能源问题解决得最好的国家之一，已走上一条能源可持续发展之路。结合材料说明其对我国能源可持续发展的启示。	0	0	0	0	1	0
91692-0	阅读图文材料，完成下列问题。有学者建议我国大面积推广木薯种植并发展木薯乙醇工业，你是否赞同，并说明理由。	0	0	0	1	0	0
91771-0	阅读分析材料，下列问题。根据西北局部区域内容放大图，结合表1，分析M河与恒河同位于热带季风气候区，但两河的水位季节变化有明显差异，为什么	0	0	0	0	1	0
91851-0	中PM25数值较高的时候是早上，请从大气运动方面分析可能的原因。	0	0	0	0	1	0
92170-0	加拿大的纽芬兰渔场曾是世界四大渔场之一，曾有踩着鳕鱼背可上岸的传说，但在几个世纪的肆意捕捞之后，纽芬兰渔场渐渐消亡。为此，加拿大政府颁布了禁渔令，但二十年过去了，鳕鱼资源在纽芬兰渔场几乎没有恢复。为舟山渔场野生大黄鱼产量变迁示意图。分析纽芬兰渔场兴衰的原因。	1	1	0	0	1	0
92170-1	加拿大的纽芬兰渔场曾是世界四大渔场之一，曾有踩着鳕鱼背可上岸的传说，但在几个世纪的肆意捕捞之后，纽芬兰渔场渐渐消亡。为此，加拿大政府颁布了禁渔令，但二十年过去了，鳕鱼资源在纽芬兰渔场几乎没有恢复。为舟山渔场野生大黄鱼产量变迁示意图。据上图分析野生大黄鱼70年代后期产量的变化及原因。	1	1	0	0	1	0
92170-2	加拿大的纽芬兰渔场曾是世界四大渔场之一，曾有踩着鳕鱼背可上岸的传说，但在几个世纪的肆意捕捞之后，纽芬兰渔场渐渐消亡。为此，加拿大政府颁布了禁渔令，但二十年过去了，鳕鱼资源在纽芬兰渔场几乎没有恢复。为舟山渔场野生大黄鱼产量变迁示意图。目前舟山渔场正在开发筷子带鱼”、“汤勺黄鱼”、“楓叶鲳鱼等产品，你是否赞同，说明理由。	1	1	0	0	1	0
92302-0	说出潘塔纳尔湿地面积的季节变化规律，并分析其成为世界最大湿地的原因。	0	0	0	1	1	0
92302-1	据表归纳巴西利亚城市径流变化的特点并分析其原因。	0	0	0	1	1	0
92996-0	2011年12月5日，《环境空气质量标准》（二次征求意见稿征求公众意见截止。该意见稿提出，在基本监控项目中增设PM25年均日均浓度限值和臭氧8小时浓度限值，新标准拟于2016年全面实施。而目前我国各大城市均采用PM10的监测数据。PM10是指大气中直径小于10微米的可吸入颗粒物，这个值越高，就代表空气污染越严重。为北方某城市的PM10月平均浓度统计图。描述该城市PM10污染的季节变化特点。	1	0	0	0	1	0
92996-1	2011年12月5日，《环境空气质量标准》（二次征求意见稿征求公众意见截止。该意见稿提出，在基本监控项目中增设PM25年均日均浓度限值和臭氧8小时浓度限值，新标准拟于2016年全面实施。而目前我国各大城市均采用PM10的监测数据。PM10是指大气中直径小于10微米的可吸入颗粒物，这个值越高，就代表空气污染越严重。为北方某城市的PM10月平均浓度统计图。说明该城市PM10污染冬夏季差别的原因。	1	0	0	0	1	0
93111-0	图7示意我国某区域的水系分布。某学校研究性学习小组对图7中的M地进行实地考察，并查阅了相关资料，发现近三十年来M地生态环境明显改善。图8示意M地的等高线分布，表1示意M地的土地利用结构变化。表问题。说出图7所示区域主要的农业地域类型及其生产特点。	0	0	0	1	0	0
93111-1	图7示意我国某区域的水系分布。某学校研究性学习小组对图7中的M地进行实地考察，并查阅了相关资料，发现近三十年来M地生态环境明显改善。图8示意M地的等高线分布，表1示意M地的土地利用结构变化。表问题。描述M地的地形和气候特征。	0	0	0	1	0	0
93111-2	图7示意我国某区域的水系分布。某学校研究性学习小组对图7中的M地进行实地考察，并查阅了相关资料，发现近三十年来M地生态环境明显改善。图8示意M地的等高线分布，表1示意M地的土地利用结构变化。表问题。根据材料分析M地生态环境明显改善的原因和对R河水文特征的影响。	0	0	0	1	0	0
93155-0	以下相关材料，问题结合材料中的信息，试评价巴西钢铁工业中心城市圣保罗和里约热内卢的形成条件。	0	0	0	0	1	1
93165-0	酝酿已久的成渝经济区区域规划已于2010年12月获国家发改委审批通过。阅读下列材料，问题：根据表4分析该省农业人口流动的特点，并分析成渝开发区产业发展规划的实施可能给该地区农业人口流动带来的变化。	0	0	0	0	1	0
93175-0	根据成渝经济区经济与长三角相比有何特点。	0	0	0	1	1	0
93238-0	18分依据图文材料及所学知识，完成下列问题题。图a为我国外商直接投资规模时间变化图，图b为1995年和2008年我国外商直接投资各省份占全国的比例分布示意图。分析图ab，简析我国外商直接投资规模的变化趋势和自1995年到2008年空间变化特征。	0	0	0	0	0	1
93238-1	18分依据图文材料及所学知识，完成下列问题题。图a为我国外商直接投资规模时间变化图，图b为1995年和2008年我国外商直接投资各省份占全国的比例分布示意图。分析图示资料，以2008年某区域为例分析吸引外商直接投资优势条件。	0	0	0	0	1	1
93244-0	希望中学地理实验小组对某城市四个住宅小区的环境进行观察测算得到了白天晴天6:00至18:00的温升数据并绘制了图13图14.(基准温度取某日平均温度根据二，分析下垫面的吸收率对小区温升的影响及原因	0	0	0	1	0	0
93244-1	希望中学地理实验小组对某城市四个住宅小区的环境进行观察测算得到了白天晴天6:00至18:00的温升数据并绘制了图13图14.(基准温度取某日平均温度根据分析风速与热岛强度的关系与原因。	0	0	0	1	0	0
93244-2	希望中学地理实验小组对某城市四个住宅小区的环境进行观察测算得到了白天晴天6:00至18:00的温升数据并绘制了图13图14.(基准温度取某日平均温度分析该实验小组研究成果对小区建筑规划和设计有何启发	0	0	0	1	0	0
93245-0	希望中学地理实验小组对某城市四个住宅小区的环境进行观察测算得到了白天晴天6:00至18:00的温升数据并绘制了图13图14.(基准温度取某日平均温度根据二，分析下垫面的吸收率对小区温升的影响及原因	0	0	0	1	0	0
93245-1	希望中学地理实验小组对某城市四个住宅小区的环境进行观察测算得到了白天晴天6:00至18:00的温升数据并绘制了图13图14.(基准温度取某日平均温度根据分析风速与热岛强度的关系与原因。	0	0	0	1	0	0
93245-2	希望中学地理实验小组对某城市四个住宅小区的环境进行观察测算得到了白天晴天6:00至18:00的温升数据并绘制了图13图14.(基准温度取某日平均温度分析该实验小组研究成果对小区建筑规划和设计有何启发	0	0	0	1	0	0
93556-0	说明造成①、②两地年均温差异及以①、③两地年降水量差异的原因：	0	0	0	1	0	0
93556-1	分析④地降水量高于地的原因。	0	0	0	1	0	0
93556-2	分析⑥、⑦两地年均温接近，但降水量差异较大的原因。	0	0	0	1	0	0
93577-0	由于价格下跌，产品滞销，豆农的生产积极性大受打击，纷纷减产或转产，我国东北大豆生产呈现萎缩之势。你认为应采取哪些措施，使东北大豆生产走出困境，重振雄风。	0	0	0	1	0	0
93577-1	生态农业作为农业的可持续发展之路在东北大豆产区近年来得到一定的发展和推广，试分析图示生态农业模式的好处。	0	0	0	1	0	0
93577-2	本地区有大面积的沼泽分布。近几年来，我国逐渐停止了在本地区的农垦项目，试分析这一措施的生态意义。	0	0	0	1	0	0
93636-0	ABC三个城市的气候资料表分析②地区气候对农业生产的影响。	0	0	0	1	1	0
93652-0	根据说明1990-2005年我国电能生产结构的变化，并分析其原因。	0	0	0	1	0	0
93652-1	中A省与沿海其他省区电能供需有什么不同试简要说明其原因。	0	0	0	1	1	0
93652-2	我国的水能资源主要分布在长江水系雅鲁藏布江水系黄河水系和珠江水系。从地区分布来看，我国水能资源开发的有利条件有哪些	0	0	0	1	1	0
93700-0	分别说明中两条运河的地理意义。	0	0	0	1	0	0
93758-0	图是世界某区域略图，表为该区域中③地的气候资料，和表，完成下列问题：描述③地的气候特征。	1	0	0	0	1	0
93759-0	资源-环境-社会-经济复合系统和谐度指标体系由资源环境子系统资源丰度环境压力环境治理环保水平等经济子系统经济总量经济质量经济结构等和社会子系统人口状况基础设施科技进步城市发展等组成。图是我国某城市群2000-200年资源-环境-社会-经济复合系统和谐度变化趋势图，表是和谐度等级划分表。试分析2000-2008年我国某城市群资源-环境-社会-经济复合系统和谐度变化特点	0	1	0	0	0	1
93759-1	资源-环境-社会-经济复合系统和谐度指标体系由资源环境子系统资源丰度环境压力环境治理环保水平等经济子系统经济总量经济质量经济结构等和社会子系统人口状况基础设施科技进步城市发展等组成。图是我国某城市群2000-200年资源-环境-社会-经济复合系统和谐度变化趋势图，表是和谐度等级划分表。资源环境子系统和谐度变化趋势如何简析其原因。	0	1	0	0	0	1
93759-2	资源-环境-社会-经济复合系统和谐度指标体系由资源环境子系统资源丰度环境压力环境治理环保水平等经济子系统经济总量经济质量经济结构等和社会子系统人口状况基础设施科技进步城市发展等组成。图是我国某城市群2000-200年资源-环境-社会-经济复合系统和谐度变化趋势图，表是和谐度等级划分表。社会子系统和谐度的变化趋势如何简析其原因。	0	1	0	0	0	1
93898-0	我国喀斯特地貌面积很广，气候是我国南北方喀斯特地貌发育差异的主导因素。2011年，我国将至少投入25亿元，大力推进石漠化综合治理。我国三个喀斯特地貌区的相关数据表，阅读下列材料，问题。分析年降水量年平均气温与年溶蚀率之间的内在关系。	0	0	0	1	0	0
93898-1	我国喀斯特地貌面积很广，气候是我国南北方喀斯特地貌发育差异的主导因素。2011年，我国将至少投入25亿元，大力推进石漠化综合治理。我国三个喀斯特地貌区的相关数据表，阅读下列材料，问题。试评价喀斯特地貌对当地经济活动的影响	0	0	0	1	0	0
93913-0	城市是人类活动对地理环境影响最深刻的地方，优越的地理环境更有利于城市的发展。我国东部M市的相关材料，下面的问题。描述M市气候三要素之间的关系。	1	0	0	0	1	0
93917-0	根据，A城市所在国适宜开发风能还是太阳能并说明理由。	1	0	0	0	1	0
93917-1	结合三和所学的知识分析世界许多国家大力发展风电的原因。	1	0	0	0	1	0
93989-0	2011年1月，云南省多个地区发生低温冻害，给社会经济带来许多不利影响，阅读下列材料，问题。说出云南省此次低温冻害的主要发生区域并分析原因。	0	0	0	1	0	0
93989-1	2011年1月，云南省多个地区发生低温冻害，给社会经济带来许多不利影响，阅读下列材料，问题。请评价云南省农业结构的合理性。	0	0	0	1	0	0
94027-0	根据丹麦能源领域相关数据统计表，说明2005年较1980年丹麦能源结构的主要变化。	1	0	0	0	0	1
94027-1	从表中可以看出，多年来丹麦CO2的排放量持续减少，其主要原因是什么	0	1	0	1	0	1
94027-2	依据，简述丹麦自1993年后GDP增长与能耗的关系，推测其形成原因。	0	1	0	1	0	1
94044-0	我国某河流河段流域示意图及相关资料，下列问题。该河段水系流域面积约13万平方千米，流域内平均降水量为375.3毫米/年。历史上的辽金时期，这里曾经水草丰美牲畜兴旺，现在该地不仅为重要的农业区，同时矿产也得到进一步开发。近20年以来，该河流多次出现断流现象。表 A城市水文站的河流断流统计依图中所示信息和所学的知识可以确定，该流域所处地带在我国自然环境中有着多方面过渡性的特点，请至少答出两项。	0	0	0	1	1	0
94044-1	我国某河流河段流域示意图及相关资料，下列问题。该河段水系流域面积约13万平方千米，流域内平均降水量为375.3毫米/年。历史上的辽金时期，这里曾经水草丰美牲畜兴旺，现在该地不仅为重要的农业区，同时矿产也得到进一步开发。近20年以来，该河流多次出现断流现象。表 A城市水文站的河流断流统计据表简要说明20世纪90年代以来该河上游来水量的变化趋势，并解释其原因。	0	0	0	1	1	0
94109-0	随着社会的不断发展，城市化发展速度也在加快，试说明城市化过程的具体表现以及推动城市化过程的主要动力。	0	1	0	0	0	1
94109-1	试说明英国和美国城市化进程中出现的主要问题，这对当今我国城市化发展有哪些借鉴意义。	0	0	0	1	0	1
94139-0	部分国家劳动力工资和产值对比在全球第一轮产业转移时，美国产业转向德国而没有转向英国。结合表格说明其原因。	0	0	0	1	0	0
94139-1	部分国家劳动力工资和产值对比全球第三轮产业转移，使中国成为世界工厂”。运用所学知识简述其原因。	0	0	0	1	0	0
94139-2	部分国家劳动力工资和产值对比全球三轮产业转移，对美国产业发展带来了什么影响对我们国家产业发展有何启示	0	0	0	1	0	0
94165-0	根据下列图文材料，有关问题。依据和，描述该地区的气候特点，并分析成因。	1	0	0	0	1	0
94169-0	简述乙图所示地区的地形特征。	1	0	0	1	1	0
94169-1	分析MN两地降水季节分配的差异，并简述M地降水季节分配的原因。	1	0	0	1	1	0
94169-2	分析两地河流在开发利用上的主要差异，并分析原因。	1	0	0	1	1	0
94176-0	根据资料一，说明1980-2002年珠江三角洲地区产业结构的变化趋势。	0	1	0	0	0	0
94176-1	从资料三可以获得发达国家第二产业与第三产业对人口城市化发展贡献度变化的哪些地理信息比较左图与右图，可以看出我国第二产业与第三产业对人口城市化发展贡献度的变化存在哪些不同特点	0	1	0	0	0	0
94177-0	根据资料一，说明1980-2002年珠江三角洲地区产业结构的变化趋势。	0	0	0	1	0	0
94177-1	从资料三可以获得发达国家第二产业与第三产业对人口城市化发展贡献度变化的哪些地理信息比较左图与右图，可以看出我国第二产业与第三产业对人口城市化发展贡献度的变化存在哪些不同特点	0	0	0	1	0	0
94213-0	中国对韩国的农产品出口占据较大优势，试分析原因。	0	0	1	0	0	0
94268-0	2009年10月16-28日山东省成功主办了第十一届全运会。下面图及材料下列问题。表2007年山东省主要经济指标在全国位次全运会全面展示了山东省的经济实力。近年来山东省地区生产总值稳居全国第二。在全运会期间，一批山东制造闪耀在赛场内外。承接产业转移，形成优势产业，建设制造业基地的道路标志着山东企业走向更高的舞台。概括山东省经济发展的优势条件。	0	0	1	0	1	0
94268-1	2009年10月16-28日山东省成功主办了第十一届全运会。下面图及材料下列问题。表2007年山东省主要经济指标在全国位次全运会全面展示了山东省的经济实力。近年来山东省地区生产总值稳居全国第二。在全运会期间，一批山东制造闪耀在赛场内外。承接产业转移，形成优势产业，建设制造业基地的道路标志着山东企业走向更高的舞台。分析承接产业转移对山东经济社会环境的影响。	0	0	1	0	1	0
94268-2	2009年10月16-28日山东省成功主办了第十一届全运会。下面图及材料下列问题。表2007年山东省主要经济指标在全国位次全运会全面展示了山东省的经济实力。近年来山东省地区生产总值稳居全国第二。在全运会期间，一批山东制造闪耀在赛场内外。承接产业转移，形成优势产业，建设制造业基地的道路标志着山东企业走向更高的舞台。分析京杭大运河经过黄河向北以后的流向及原因。	0	0	1	0	1	0
94333-0	A分析海南岛发展旅游业，在环境保护方面应该注意的问题。	0	0	0	1	0	0
94348-0	从风向地形洋流等因素，对比分析1月与7月表中两城市降水差异的原因。	0	0	0	1	0	0
94348-1	图9中新西兰的库克海峡与图10中澳大利亚的巴斯海峡所处的纬度差不多，但库克海峡的风浪远大于巴斯海峡，这是为什么	0	0	0	1	0	0
94486-0	表1 山东省与全国及部分省份城市化水平比较单位%）表2 山东省17地市2006年城市化水平比较单位%）1资料，分析说明2003-2007年山东省城市化特点。	0	0	0	1	0	1
94486-1	表1 山东省与全国及部分省份城市化水平比较单位%）表2 山东省17地市2006年城市化水平比较单位%）根据表2，分析说明山东省城市化水平较高地区的主要分布特点，并分析原因。	0	0	0	1	0	1
94500-0	图甲示意我国某区域的水系分布。某学校研究性学习小组对图甲中的M地进行实地考察，并查阅了相关资料，发现近30年来M地生态环境明显改善。图乙示意M地的等高线分布，表格示意M地的土地利用结构变化。表，下列问题。甲                          乙M地的等高线地形图单位：mN湖泊周围的平原地区是我国重要的商品粮生产基地，其名称是什么试评价其成为商品粮生产基地的有利条件。	0	0	0	1	0	0
94508-0	图为某地区等高线地形图，图中甲地气候资料，据图表下列问题。简述该地区的地形特点及东西两岸大陆架的特点。	1	0	0	0	1	0
94508-1	图为某地区等高线地形图，图中甲地气候资料，据图表下列问题。简要分析甲地5-10月气温的变化及其原因。	1	0	0	0	1	0
94508-2	图为某地区等高线地形图，图中甲地气候资料，据图表下列问题。在甲乙丙三地中，最适合建港口的是哪里说出你的理由。	1	0	0	0	1	0
95380-0	土地利用结构调整的需要，科研人员对某生态脆弱区的农业土地利用拟定了三种方案表1表2）。据此完成下列要求。表1农业用地构成表2经济与环境效益比较以方案A为比较的基准你认为哪一种方案有利于该地区农业可持续发展，并说明理由。	0	0	0	1	0	0
95381-0	土地利用结构调整的需要，科研人员对某生态脆弱区的农业土地利用拟定了三种方案表1表2）。据此完成下列要求。表1农业用地构成表2经济与环境效益比较以方案A为比较的基准你认为哪一种方案有利于该地区农业可持续发展，并说明理由。	0	0	0	1	0	0
95604-0	阅读下列材料，有关问题。天津与太原空气质量周报表2009年1月说出两城市主要污染物产生的人为原因。	0	0	0	1	0	0
95936-0	27太阳升落地平的方位随季节纬度而异，日出日落点偏角是指日出日落点分别相对于正东和正西的偏角。读表二三，下列问题。表二：北京39°54′N不同日期的日出日落点偏角表三：同一日期的不同纬度日出日落点偏角据表二归纳不同日期的日出点和日落点偏角与太阳直射点位置的关系	0	0	0	1	0	1
95936-1	27太阳升落地平的方位随季节纬度而异，日出日落点偏角是指日出日落点分别相对于正东和正西的偏角。读表二三，下列问题。表二：北京39°54′N不同日期的日出日落点偏角表三：同一日期的不同纬度日出日落点偏角据表三归纳同一日期的不同纬度日出日落点偏角的变化规律。	0	0	0	1	0	1
96149-0	地下水埋藏深度能反映一个地区水资源的丰富程度。廊坊市地下水等埋深线图”（埋深即埋藏深度和廊坊市地下水埋深过程线图下列问题。简述廊坊市地下水埋藏深度的时间和空间分布规律。	0	1	0	0	0	1
96161-0	材料，下列问题。据，指出本次海冰形成的重要自然原因，并分析其对经济活动产生的危害。	0	1	0	0	0	1
96178-0	阅读材料及，并结合所学知识下列问题。据表概括南京客源特点，并评价敦煌客源市场条件。	0	0	0	1	0	0
96188-0	和材料，下列问题。说出可持续发展基本内涵在表2中的具体体现。	0	0	0	1	0	0
96223-0	为我国某地区城市发展变化示意图为G城人口变化示意图下列问题。据归纳出1950-2007年间，该地区城市发展变化的特征。	0	1	0	0	0	1
96253-0	描述中自然观光人文观光游憩地集中分布特点，并说明自然观光游憩地分布特点的主要成因。	0	1	0	0	0	1
96481-0	城市化是人类历史发展的必然，积极稳妥推进新型城镇化是我国现阶段扩大内需的最大潜力。11，比较1950年以后发展中国家与发达国家城市化进程的异同点。	0	1	0	1	0	1
96558-0	和资料，下列问题。结合，比较黑龙江省江苏省的谷物单产特点，说明其自然原因。	0	0	0	1	0	0
96623-0	海平面上升对人类生存环境有着重大影响。图14为我国沿海海平面变化图，，第题说明2012年与其它年份相比，我国沿海海平面的变化特点并分析导致海平面上升的直接原因。	0	1	0	0	0	1
96633-0	阅读相关材料，下列问题。，概括韩国城市化发展的特点	0	1	0	0	0	1
96907-0	为广东广西自然地理条件和甘蔗主产区分布略图。1990-2010年广东广西甘蔗生产状况统计表]。为用甘蔗作为原料生产乙醇的产业链示意图。说出1990-2010年广西甘蔗主产区分布的变化方向。	0	1	0	1	0	1
97158-0	为习近平主席2015年9月出访美国的行程示意图，为西雅图与纽约月均温统计表。下列问题。说出习主席访美期间纽约正午太阳高度和日出时间的变化。	0	1	0	1	0	1
97199-0	城市化是对人类影响巨大的社会发展过程。，对比中英两国城市化水平从30%提升到50%的发展阶段过程中的差异。	0	1	0	1	0	1
97321-0	国家政治的演进区域城市的变迁都记录并折射着社会的发展。概述深圳市变化的表现及主要影响因素。	0	1	0	0	0	1
97417-0	分析海南省游客数量季节差异的原因及其对当地旅游业造成的不利影响。	0	1	0	0	0	1
97458-0	图11-12](7456/7457)，下列问题。结合，说明马来西亚天然橡胶产量的变化及其原因。	0	1	0	1	0	1
97500-0	根据上表，概述三林的生态效益。	0	0	1	0	0	0
97677-0	我国是一个耕地资源相对短缺的国家，比较不同区域的耕地资源变化与经济发展的关系，对协调人地关系实现区域可持续发展具有重要的现实意义20世纪90年代以来苏州徐州经济发展水平比较表，比较两地GDP和GDP每增加亿元占用的耕地面积变化的共同性和差异性	0	1	0	1	0	1
97702-0	充分认识区域地理特征，因地制宜发展经济，保护生态，是实现区域可持续发展的基本要求比较分析A地所在省第二产业比重变化的特征。对该省工业的发展，有人提出今后应大力发展外向型农副产品深加工工业。你是否赞同，请说明理由	0	1	0	1	1	1
97705-0	表6为2007年气象卫星监测的我国西南三省林区火灾次数统计表。下列问题。说明西南三省林区火灾发生的时间分布特征，并分析其原因。	0	0	0	1	1	0
97783-0	由于地理条件和历史发展的进程不同，区域发展水平和方向也存在差异。我们应以其他国家区域发展的历史为鉴，充分发挥区位优势，走具有中国特色的可持续发展之路对比分析工业区形成和发展的区位优势，完成表2内容	0	1	0	1	0	1
97801-0	表1为珠江淮河流域有关数据对比表。并问题。淮河流域水资源利用率远高于珠江流域的主要原因是	0	0	0	1	0	0
97816-0	阅读分析材料和图表，结合有关知识，完成下列各题根据古马里帝国所处的地理环境。分析其兴盛的可能原因。	0	0	0	1	0	0
97842-0	结合图文材料，问题第六次全国人口普查显示，乙省人口总数超过了甲省，居全国首位。请结合图表信息简述其原因。	0	0	0	1	0	0
97940-0	表3为我国西北某区域三个年份各类盐渍化土壤面积调节表。问题。分析该区域1990-2010年土壤盐渍化变化的特点。	0	1	0	1	0	1
97972-0	图13示意中国东部某区域。据表4归纳R河三角洲经济区土地利用结构变化的特点，并指出该变化对自然地理环境可能产生的不利影响。	0	1	0	1	0	1
98206-0	图15示意洪涝年份鄱阳湖与长江相连河段的水位变化。问题。说出滨湖地区涝灾最可能发生的时间，简析产生涝灾的自然原因。	0	0	0	1	1	0
98268-0	自古以来，“南方丝绸之路就是我国西南地区与东南亚南亚国家的贸易通道。甲地损失比乙地大，主要是由于甲地的地震引发了灾害，此灾害是如何形成的请利用两条信息加以说明。	0	0	0	1	0	0
98304-0	概述广东省1994-2009年粮食产量和粮食产需差量变化的基本特征，并简述原因。	0	1	0	0	0	1
98515-0	比较冬夏季太白山南北坡气温垂直递减率的差异。	0	1	0	1	0	1
100065-0	是我国中部某省三次产业就业比重变化图。小题。下列有关该省经济发展的叙述，正确的是。	0	0	0	1	0	1
100065-1	是我国中部某省三次产业就业比重变化图。小题。为推动该省经济发展，提高就业水平，应积极发展。	0	0	0	1	0	1
100180-0	为1980年至2004年我国服装产业空间集中度示意图，由此图可以看出该类产业将直接导致我国	0	1	0	0	1	0
100226-0	地理集中度表示产业在区域空间的集聚程度，数值越小，集中度越低，反之越高。我国三大产业的地理集中度变化曲线图，完成下列问题。近30年以来，我国三大产业空间格局呈现的变化是	0	0	0	1	1	1
100311-0	该图为江苏某市1994-2008年三次产业比重变化示意图”。完成问题对该市产业结构变化说法正确的是	0	0	0	1	0	1
100311-1	该图为江苏某市1994-2008年三次产业比重变化示意图”。完成问题该市人地关系特征可概括为	0	0	0	1	0	1
100414-0	为我国东部地区某市国内生产总值及三大产业结构变化曲线图，下列各题。图中代表第三产业的是	0	1	0	1	0	0
100414-1	为我国东部地区某市国内生产总值及三大产业结构变化曲线图，下列各题。下列有关该市产业结构的描述，正确的是	0	1	0	1	0	0
100669-0	为欧洲北美中国三地区域电网实时负荷率变化曲线。负荷率是指用电量与发电厂的设计最大供电量的比值。完成下列小题。abc分别表示	0	0	0	1	1	0
100669-1	为欧洲北美中国三地区域电网实时负荷率变化曲线。负荷率是指用电量与发电厂的设计最大供电量的比值。完成下列小题。图中三大区域电网	0	0	0	1	1	0
100881-0	图3示意我国及东部中部西部三大地带能源自给率的变化情况。完成问题。图中四条曲线代表西部地带的是	0	0	0	1	0	1
100881-1	图3示意我国及东部中部西部三大地带能源自给率的变化情况。完成问题。下列地区可以大量调出能源输往Ⅳ地带的是	0	0	0	1	0	1
102589-0	世界某大陆西岸降水量随纬度的变化曲线图，下列各题。该图表示的大陆可能是	1	1	0	0	0	0
102589-1	世界某大陆西岸降水量随纬度的变化曲线图，下列各题。该大陆F处沿海多大雾天气，其原因可能是	1	1	0	0	0	0
103112-0	中四条曲线分别表示北美南美澳大利亚和非洲四大陆西岸0°-40°范围内年降水量分布的状况。问题表示北美大陆西岸降水状况的是	1	0	0	1	0	0
103112-1	中四条曲线分别表示北美南美澳大利亚和非洲四大陆西岸0°-40°范围内年降水量分布的状况。问题M对应的地点年降水量少的主要原因是	1	0	0	1	0	0
103998-0	干旱是我国普遍存在的气象灾害。图A是我国某省区轮廓图，图B是楚雄常年逐月降水量与蒸发量对比图。下题。楚雄最严重的旱情多发生在	0	0	0	1	1	0
103998-1	干旱是我国普遍存在的气象灾害。图A是我国某省区轮廓图，图B是楚雄常年逐月降水量与蒸发量对比图。下题。导致图B中蒸发量最大季节出现在该时段的主要原因是	0	0	0	1	1	0
104370-0	该图为我国三个流域水灾受灾比受水灾的县域个数与总县域个数的比值多年平均的月变化图”。问题。三个流域水灾受灾比的特点有：	0	0	0	1	1	0
104370-1	该图为我国三个流域水灾受灾比受水灾的县域个数与总县域个数的比值多年平均的月变化图”。问题。当黄河流域水灾受灾比出现峰值时：	0	0	0	1	1	0
104792-0	该图为我国某省级行政区某年国内游客流量变化。完成问题。该省级行政区最可能是	0	1	0	0	1	0
104792-1	该图为我国某省级行政区某年国内游客流量变化。完成问题。关于该省级行政区游客流量的变化原因错误的是	0	1	0	0	1	0
105812-0	下列某地灾害成灾频次示意图下列小题。关于该地地理特征的叙述，可能的是①地形崎岖②全年降水丰富，年际变化大③地表基岩广布④地表岩石破碎，松散碎屑物多	1	1	0	0	1	0
105812-1	下列某地灾害成灾频次示意图下列小题。该地防御此类地质灾害的主要措施是	1	1	0	0	1	0
107830-0	少年儿童老年抚养比指某一人口中少年儿童老年人口数与劳动年龄人口数之比。是中国某城市1982-2000年人口抚养比单位：%）的变化。，该城市2000年后老年抚养比的变化，最主要是因为	0	1	0	1	0	1
107846-0	示意1995-2005年我国城市人口密度的变化。完成下题。据图示信息可推测，在1995-2005年间，我国	0	1	0	0	0	1
107846-1	示意1995-2005年我国城市人口密度的变化。完成下题。图示趋势可能导致我国城市	0	1	0	0	0	1
107888-0	，①、②、③、④四条曲线为发达国家发展中国家的老年人和少年儿童的人口年龄系数曲线图，下列各题。图中代表发达国家少年儿童和老年人的年龄系数的曲线分别是	0	0	0	1	1	1
107888-1	，①、②、③、④四条曲线为发达国家发展中国家的老年人和少年儿童的人口年龄系数曲线图，下列各题。发达国家和发展中国家老年人口系数超过少年儿童人口系数的时间依次是	0	0	0	1	1	1
107975-0	为我国2005-2034年分年龄段0-15岁16-59岁和60岁以上人口结构趋势图，图中①②③曲线代表不同年龄段。2011年9月，中国社科院发布报告称，2011年以后的30年里，中国人口老龄化将呈现加速发展态势。，下列各题。到2034年，我国0-15岁和16-59岁人口比重将分别达到约	0	0	0	0	0	1
107975-1	为我国2005-2034年分年龄段0-15岁16-59岁和60岁以上人口结构趋势图，图中①②③曲线代表不同年龄段。2011年9月，中国社科院发布报告称，2011年以后的30年里，中国人口老龄化将呈现加速发展态势。，下列各题。未来30年，我国人口老龄化的加速发展将最可能导致	0	1	0	1	0	1
107975-2	为我国2005-2034年分年龄段0-15岁16-59岁和60岁以上人口结构趋势图，图中①②③曲线代表不同年龄段。2011年9月，中国社科院发布报告称，2011年以后的30年里，中国人口老龄化将呈现加速发展态势。，下列各题。为应对老龄化对我国社会经济发展带来的负面影响，目前可采取的最可行的措施是	0	1	0	1	0	1
108010-0	为某国人口出生率和死亡率统计图下列各题。该国人口自然增长率最低的时期是	0	0	0	1	0	1
108010-1	为某国人口出生率和死亡率统计图下列各题。该国在20世纪末期的人口增长模式表现为	0	0	0	1	0	1
108091-0	运用数据图表可以分析社会人口变化现象，是某地区育龄妇女平均生育子女数变化曲线图。据图回答题。若图中所示变化趋势持续下去，最可能出现的是	0	1	0	0	0	1
108115-0	图表示近20年来我国人口的变化情况。完成题。甲乙丙分别表示	0	0	0	1	1	1
108115-1	图表示近20年来我国人口的变化情况。完成题。有关我国现阶段人口的叙述，正确的是	0	0	0	1	1	1
108357-0	图3为甲乙两国人口变化曲线完成6-8题：图3甲乙两国人口变化曲线有关甲乙两国人口增长模式的叙述，正确的是	0	0	0	1	1	1
108357-1	图3为甲乙两国人口变化曲线完成6-8题：从图中可以看出，人口增长模式的转变开始于	0	0	0	1	1	1
108357-2	图3为甲乙两国人口变化曲线完成6-8题：目前人口增长模式与乙国2000年人口增长模式一致的是	0	0	1	0	1	1
108385-0	是某国人口出生率和死亡率随时间的变化图，完成下面各题。该国人口数量最多的年份大约出现在	0	0	0	1	1	0
108385-1	是某国人口出生率和死亡率随时间的变化图，完成下面各题。目前，该国人口发展过程中面临的主要问题是	0	0	0	1	1	0
108443-0	人口的性别结构是指一个国家或地区两性人口数量的比例关系，它通常由性别比这个指标加以度量。性别比为平均每100名女性所对应的男性人口的数量。为四条人口性别比例曲线，下列各题。曲线②代表的性别比变化出现的地区是	0	0	0	1	1	1
108443-1	人口的性别结构是指一个国家或地区两性人口数量的比例关系，它通常由性别比这个指标加以度量。性别比为平均每100名女性所对应的男性人口的数量。为四条人口性别比例曲线，下列各题。20世纪80年代以来曲线②所示地区性别比较低的原因是	0	0	0	1	1	1
108443-2	人口的性别结构是指一个国家或地区两性人口数量的比例关系，它通常由性别比这个指标加以度量。性别比为平均每100名女性所对应的男性人口的数量。为四条人口性别比例曲线，下列各题。曲线①峰值的出现可能带来的问题有	1	0	0	0	1	0
108446-0	右图示意某国1940-2013年人口自然增长率变化情况。并结合所学知识下列各题。该国在图示时间段内，人口最多的年份可能是	0	0	1	0	0	0
108446-1	右图示意某国1940-2013年人口自然增长率变化情况。并结合所学知识下列各题。缓解该国目前人口问题的合理措施是	0	1	1	0	0	1
108510-0	我国通过实施计划生育政策来控制人口增长，取得了显著效果。为我国人口年增长曲线图。图中信息可以说明	0	1	0	0	1	1
108559-0	是某国1960-2010年人口出生率和死亡率变化图，下列各题。该国人口数量减少的时间大约是	0	0	0	1	1	0
108559-1	是某国1960-2010年人口出生率和死亡率变化图，下列各题。目前，该国面临的主要人口问题是	0	0	0	1	1	0
108700-0	老年人并非一个同质群体，按照年龄可将其分为低龄老年人60-69岁中龄老年人70-79岁和高龄老年人80岁以上）。据图可知	0	0	0	1	0	1
108760-0	人口的性别结构是指一个国家或地区两性人口数量的比例关系，通常用性别比这个指标加以度量。性别比为平均每100名女性所对应的男性人口数量。图为四个国家或地区人口性别比例曲线判断题：在这四条曲线中，人口性别比较为合理的是：	0	0	1	1	1	0
108760-1	人口的性别结构是指一个国家或地区两性人口数量的比例关系，通常用性别比这个指标加以度量。性别比为平均每100名女性所对应的男性人口数量。图为四个国家或地区人口性别比例曲线判断题：若图中的曲线②代表珠江三角洲工业区的性别比例，造成20世纪80年代以来性别比较低的原因主要是：	0	0	1	1	1	0
108784-0	图是某个国家二战后经济发展时期人口出生率死亡率和自然增长率的变动示意，问题：在20世纪末到21世纪初，该国人口再生产类型属于典型的	0	1	0	1	1	0
108784-1	图是某个国家二战后经济发展时期人口出生率死亡率和自然增长率的变动示意，问题：根据甲图所示的人口变化趋势，今后该国人口工作的主要任务是	0	0	0	1	1	1
108784-2	图是某个国家二战后经济发展时期人口出生率死亡率和自然增长率的变动示意，问题：在乙图中，①、②、③、④四点所示人口年龄构成情况能够与该国1995年人口出生率死亡率和自然增长率情况相符的是	0	0	0	1	1	1
108873-0	据专家预测，香港的年龄在65岁及65岁以上的人口将在2050年达到237.3万人，2045-2050年间，增长速度仅为1.9。老龄化率在2025年突破1/5，2033年突破1/4。为中国中国香港马来西亚泰国四个国家地区2010-2050年龄结构在65岁及65岁以上人口比重图。，完成下列小题。图中①②③④四条曲线表示香港2010-2005年老年人口预测的是	0	1	0	1	1	0
108873-1	据专家预测，香港的年龄在65岁及65岁以上的人口将在2050年达到237.3万人，2045-2050年间，增长速度仅为1.9。老龄化率在2025年突破1/5，2033年突破1/4。为中国中国香港马来西亚泰国四个国家地区2010-2050年龄结构在65岁及65岁以上人口比重图。，完成下列小题。针对材料反映的香港认可问题，当地政府应	0	1	0	1	1	0
108916-0	我国东部沿海某地区2004-2012年人口增长情况示意图”。完成下列问题。有关该地区人口增长的正确叙述是	0	1	0	1	1	0
108916-1	我国东部沿海某地区2004-2012年人口增长情况示意图”。完成下列问题。目前该地区	0	1	0	1	1	0
108918-0	为20世纪以来美国底特律市城市人口总数变化图。权威机构推测其2100年将变空城”。推断底特律成为空城的原因	0	1	0	0	0	1
109168-0	2001-2007年江苏省人口增长图中江苏人口增长总量变化的主要原因是地区间	0	0	0	1	0	1
109260-0	改革开放后中国流动人口逐年增加，我国1988-2010年流动人口增长曲线图，完成小题。近年来，我国人口流动的主要方向是	0	0	0	0	0	1
109260-1	改革开放后中国流动人口逐年增加，我国1988-2010年流动人口增长曲线图，完成小题。下列因素中与我国改革开放后流动人口迅速增长关系最不密切的是	0	0	0	0	0	1
109318-0	我国近年来流动人口增长曲线图”。下列因素中与我国流动人口迅速增加关系密切的是	0	0	0	0	0	1
110263-0	北极冰川面积逐月变化图完成下题。北冰洋冰川面积最小值推迟至9月份出现的原因是	1	0	0	1	1	0
110263-1	北极冰川面积逐月变化图完成下题。为减小北极冰川面积变化的幅度，下列做法均合理的有	1	0	0	1	1	0
110290-0	示意我国某省1900年和2009年天然氧气生产量状况。完成下列各题。该省最可能是	0	0	0	1	0	0
110290-1	示意我国某省1900年和2009年天然氧气生产量状况。完成下列各题。导致该省2009年氧气生产量小于1900年的主要原因是	0	0	0	1	0	0
110295-0	表示1909-2008年东北年冬夏季平均气温每10年平均值变化并结合所学知识完成下列各题。关于1909-2008年东北气候变化的叙述，正确的是	0	0	0	1	0	1
110295-1	表示1909-2008年东北年冬夏季平均气温每10年平均值变化并结合所学知识完成下列各题。气候变化对黑龙江省农业生产产生的影响可能有	0	0	0	1	0	1
110297-0	气候变化对该流域农业生产的影响图据此下列各题。此流域可能位于我国哪个省级行政区	0	0	0	1	0	1
110297-1	气候变化对该流域农业生产的影响图据此下列各题。关于该地区气候变化对农业生产影响的叙述，正确的是	0	0	0	1	0	1
110433-0	为1880-1980年海平面变化示意据此完成题。根据海平面变化曲线，可推测世界年平均气温	0	0	0	0	0	1
110433-1	为1880-1980年海平面变化示意据此完成题。近几十年，长城站附近南极半岛的海岸线变化较大，主要由于	0	0	0	0	0	1
110631-0	为我国华北地区1954-2002年降水量变化示意图完成下列问题。华北地区降水量年际变化的最大值约为	1	0	0	0	0	0
110631-1	为我国华北地区1954-2002年降水量变化示意图完成下列问题。1964年华北地区的年降水量高达650mm，原因可能是	0	0	1	0	1	0
110797-0	日照率是指一定时段内，实际日照总时数占可照总时数的百分率，为我国四地多年平均日照率月份变化统计图。完成下列小题。下列说法正确的是	0	0	0	1	1	0
110797-1	日照率是指一定时段内，实际日照总时数占可照总时数的百分率，为我国四地多年平均日照率月份变化统计图。完成下列小题。M地最可能是	0	0	0	1	1	0
110888-0	是同一半球亚热带大陆东西两岸沿海某地年降水量逐月累计曲线图”。若曲线②位于南半球，则曲线①所示地区降水的水汽主要自	0	0	0	1	0	0
110888-1	是同一半球亚热带大陆东西两岸沿海某地年降水量逐月累计曲线图”。若曲线①表示上海，则关于曲线②所示地区的说法正确的是	0	0	0	1	0	0
112374-0	某一时段内，日平均温度≥O时逐日平均温度累加之和，称为≥O积温，它是研究温度与生物有机体发育速度之间关系的一项指标。图示意某地≥O积温逐月累计曲线图，下列小题。下列月份中，该地大多数农作物生长最活跃的是	0	1	0	0	0	0
112374-1	某一时段内，日平均温度≥O时逐日平均温度累加之和，称为≥O积温，它是研究温度与生物有机体发育速度之间关系的一项指标。图示意某地≥O积温逐月累计曲线图，下列小题。该地可能位于	0	1	0	0	0	0
112716-0	图为中国北亚热带柑橘生产的气候适宜度相对于多年平均值的变化图由图完成题由图可知，符合我国北亚热带地区柑橘生产发展变化是	0	0	0	0	0	1
113434-0	是我国某两个省级行政区甘蔗种植面积变化示意图。完成下列小题。图1中的MN曲线分别代表的省级行政区可能是	0	0	0	1	0	1
113434-1	是我国某两个省级行政区甘蔗种植面积变化示意图。完成下列小题。影响M省级行政区甘蔗种植面积变化的主要原因是	0	0	0	1	0	1
113934-0	工业化率是工业增加值占全部生产总值的比重，城市化率为城镇常住人口占总人口的比重。是中国和日本的工业化率与城市化率变化曲线，回答题。下列对应关系正确的是	0	0	0	1	1	1
113934-1	工业化率是工业增加值占全部生产总值的比重，城市化率为城镇常住人口占总人口的比重。是中国和日本的工业化率与城市化率变化曲线，回答题。关于中日两国城市化和工业化的正确的是	0	0	0	1	1	1
114012-0	图是珠江三角洲地区工业总值增长示意图，问题。以经济的增长速度为标准，将珠江三角洲的发展划分为三个阶段，分别是	0	1	0	0	0	1
114012-1	图是珠江三角洲地区工业总值增长示意图，问题。关于珠江三角洲经济发展第一阶段，叙述正确的是	0	1	0	0	0	1
114012-2	图是珠江三角洲地区工业总值增长示意图，问题。在经济发展的第二阶段中，与珠江三角洲工业化城市化匹配的说法是	0	1	0	0	0	1
114028-0	对外贸易依存度是指一国的进出口总额与该国国民生产总值或国内生产总值之比。对外贸易依存度反映一国对国际市场的依赖程度，体现本国经济增长对进出口贸易的依附程度。近几十年来我国的进出口总额总体呈上升趋势，以下说法正确的是	0	1	0	1	1	0
114028-1	对外贸易依存度是指一国的进出口总额与该国国民生产总值或国内生产总值之比。对外贸易依存度反映一国对国际市场的依赖程度，体现本国经济增长对进出口贸易的依附程度。2010年，中国经济总量超过日本成为全球第二大经济实体有关的地理因素是	0	1	0	1	1	0
114249-0	今后我国三个地带的发展，应当在国家统一规划指导下，按照因地制宜合理分工各展所长优势互补共同发展的原则，充分发挥本地带的优势。表示我国东部中部和西部三个地带GDP亿元的增长，据此完成下列小题。能分别正确反映东中西部三个地带GDP增长的折线依次是	0	1	0	1	0	0
114249-1	今后我国三个地带的发展，应当在国家统一规划指导下，按照因地制宜合理分工各展所长优势互补共同发展的原则，充分发挥本地带的优势。表示我国东部中部和西部三个地带GDP亿元的增长，据此完成下列小题。关于三个地带发展的叙述，不正确的是	0	1	0	1	0	0
114249-2	今后我国三个地带的发展，应当在国家统一规划指导下，按照因地制宜合理分工各展所长优势互补共同发展的原则，充分发挥本地带的优势。表示我国东部中部和西部三个地带GDP亿元的增长，据此完成下列小题。有关①经济地带的叙述，错误的是	0	1	0	1	0	0
116917-0	某地冬至日12月22日前后太阳高度日变化曲线图下列各题：该日当地的昼长是多少	1	0	1	0	0	0
116917-1	某地冬至日12月22日前后太阳高度日变化曲线图下列各题：该地的经纬度是	1	0	1	0	0	0
116917-2	某地冬至日12月22日前后太阳高度日变化曲线图下列各题：此日南极圈的日出方位是	1	0	1	0	0	0
121859-0	是某城市积水内涝次数的季节变化图”。该城市可能位于	1	0	0	0	1	0
121859-1	是某城市积水内涝次数的季节变化图”。为防止城市积水内涝发生，该市可采取的有效措施有	1	0	0	0	1	0
122197-0	，结合所学知识问题。正确反映我国城市化水平变化的曲线是	0	0	0	1	0	1
122197-1	，结合所学知识问题。在图示期间，与美国相比，我国	0	0	0	1	0	1
122229-0	为某城市不同时期人口密度变化曲线。下列各题。下列对图中四条曲线的排序，能正确反映城市化进程一般规律的是	0	0	0	1	1	1
122229-1	为某城市不同时期人口密度变化曲线。下列各题。据图推断，随着城市化的发展	0	0	0	1	1	1
122246-0	中国城市人口比重时间变化曲线图完成下列小题。改革开放以来，我国城市化发展速度最快的是	0	1	0	0	0	1
122246-1	中国城市人口比重时间变化曲线图完成下列小题。下列有关我国城市化的叙述，正确的是	0	1	0	0	0	1
122254-0	综合城市化水平是从经济产业结构人口生活方式城镇基础设施水平等方面考虑的更能反映城市化内涵的一项综合指标。19782008年，北京市城镇人口增加了9601万人，其中北京郊区乡村人口只占全市城镇人口增加数的l423％。示意北京市人口城市化水平和综合城市化水平趋势比较。据此完成下列各题。北京市城市化表现出的特点是	0	1	0	1	0	0
122254-1	综合城市化水平是从经济产业结构人口生活方式城镇基础设施水平等方面考虑的更能反映城市化内涵的一项综合指标。19782008年，北京市城镇人口增加了9601万人，其中北京郊区乡村人口只占全市城镇人口增加数的l423％。示意北京市人口城市化水平和综合城市化水平趋势比较。据此完成下列各题。1978-2008年，北京城市化过程所暴露的问题有	0	1	0	1	0	0
122278-0	我国1982-2007年土地城市化和人口城市化对比关系图下列问题。1982-2007年，我国	0	0	1	1	0	1
122278-1	我国1982-2007年土地城市化和人口城市化对比关系图下列问题。图示信息显示，1982-2007年我国城市化进程中面临的突出问题是	0	0	0	1	0	1
122344-0	据报道，2012年我国65岁及以上人口达1.23亿，成为世界上唯一老龄人口过亿的国家。，造成我国城乡人口老龄化差距扩大的主要原因是：	0	1	0	1	0	1
122521-0	某中等城市常住人口密度与距市中心距离关系图，完成题。住宅区密集分布的区域是	1	0	0	0	0	1
122521-1	某中等城市常住人口密度与距市中心距离关系图，完成题。距市中心2千米内常住人口密度并不最高的主要原因是该区	1	0	0	0	0	1
124082-0	某功能区人口密度日变化示意图图中反映的城市功能区是	0	1	0	0	1	0
124331-0	某工业部门在某城市及其附近地区运输成本和土地成本的变化曲线图下列各题。影响图中曲线形态变化的主要因素是①交通通达度②技术水平③环境优劣④距城市中心的远近	0	1	0	1	0	1
124331-1	某工业部门在某城市及其附近地区运输成本和土地成本的变化曲线图下列各题。如果综合考虑运输成本和土地成本，该工业企业最适宜布局在	0	1	0	1	0	1
124394-0	乌鲁木齐市地处天山北坡及以北地区城市化对其市区土地利用的空间结构产生很大影响乌鲁木齐市区各主要功能用地2002年面积分布图与1998-2002年变化幅度分布图”,完成小题。图中M折线表示	0	1	0	1	0	0
124394-1	乌鲁木齐市地处天山北坡及以北地区城市化对其市区土地利用的空间结构产生很大影响乌鲁木齐市区各主要功能用地2002年面积分布图与1998-2002年变化幅度分布图”,完成小题。能反映乌鲁木齐市由南到北土地利用变化的是	0	1	0	1	0	0
125225-0	太阳直接辐射是指太阳以平行光线的形式直接投射到地面上。北京太阳直接辐射年变化图20-21题。北京冬季太阳直接辐射比夏季少的主要原因是	0	0	0	0	1	1
125225-1	太阳直接辐射是指太阳以平行光线的形式直接投射到地面上。北京太阳直接辐射年变化图20-21题。北京45月份的直接辐射高于67月份，原因是	0	0	0	0	1	1
125336-0	1983-2003年江苏省年平均气温变化图完成小题。1983-2003年，江苏省年平均气温变化的总体趋势是	0	0	0	0	0	1
125336-1	1983-2003年江苏省年平均气温变化图完成小题。为减缓气候变化，人类应采取的主要措施有	0	0	0	0	0	1
125529-0	为某地某日气温实况图下列叙述正确的是	1	0	0	0	1	1
125868-0	安徽省应对气候变化方案提出，安徽省应对气候变化面临巨大挑战，必须加快推进产业结构化升级，转变经济发展方式。表示1962年-2007年安徽省年平均气温变化。完成下题。1962年-2007年，安徽省平均气温变化的总体趋势是	0	0	0	0	0	1
125868-1	安徽省应对气候变化方案提出，安徽省应对气候变化面临巨大挑战，必须加快推进产业结构化升级，转变经济发展方式。表示1962年-2007年安徽省年平均气温变化。完成下题。气候变化对安徽省地理环境的影响有	1	0	0	0	1	1
126059-0	热岛强度是指中心城区比郊区气温高出的数值大小，是某大城市热岛强度日变化示意图。完成下列下题。有关该城市热岛强度的描述，正确的是	1	0	0	1	1	0
126059-1	热岛强度是指中心城区比郊区气温高出的数值大小，是某大城市热岛强度日变化示意图。完成下列下题。对城市热岛强度成因的正确的是	1	0	0	1	1	0
126441-0	1960-2003年北京城郊温差变化曲线图，完成下列小题。根据城郊温差变化曲线可知，北京热岛效应强度	0	0	0	0	0	1
126441-1	1960-2003年北京城郊温差变化曲线图，完成下列小题。关于热岛效应对北京的影响，叙述正确的是	0	1	0	0	1	1
126569-0	表示的是某滨海地区陆地和海洋表面气温日变化的曲线图，下题。有关甲图描述正确的是	0	0	0	1	0	0
126569-1	表示的是某滨海地区陆地和海洋表面气温日变化的曲线图，下题。由图甲推断，图乙中海风出现时间约为	0	0	0	1	0	0
126614-0	完成题。假如图示地点位于中低纬度地带的分界线上，则可能是	1	0	0	1	1	0
126614-1	完成题。如图所示，地面温度与气温的关系是	1	0	0	1	1	0
126614-2	完成题。地面温度与气温的关系，说明地理原理是	1	0	0	1	1	0
127004-0	是我国某地降水的年际变化曲线，根据图下列问题。该地区的气候类型是	1	0	0	0	0	0
127004-1	是我国某地降水的年际变化曲线，根据图下列问题。该地降水的年际变化对当地带来的影响是	1	0	0	0	0	0
127401-0	为我国某地1月份最高气温和最低气温曲线图。，完成下列各题。下列日期前后最有可能出现阴雨天气的是	1	0	0	1	0	0
127401-1	为我国某地1月份最高气温和最低气温曲线图。，完成下列各题。该地有可能位于我国	1	0	0	1	0	0
128433-0	光合有效辐射为特定波段的太阳辐射，是植物进行光合作用的重要能源其在太阳总辐射中所占比例R受太阳高度影响，且一般阴天大于晴天。表示华北某地390N冬夏季节晴天和阴天R值日变化。完成下列问题题图中	0	0	0	1	1	0
128433-1	光合有效辐射为特定波段的太阳辐射，是植物进行光合作用的重要能源其在太阳总辐射中所占比例R受太阳高度影响，且一般阴天大于晴天。表示华北某地39据图可知春分日前后，R值最大地区是	0	0	0	1	1	0
128736-0	是我国中部某省三次产业就业比重变化图。，下题。下列有关该省经济发展的叙述，正确的是。	0	1	0	1	0	1
128736-1	是我国中部某省三次产业就业比重变化图。，下题。为推动该省经济发展，提高就业水平，应积极发展。	0	1	0	1	0	1
128744-0	为1995―2012年某市纺织服装制造业圈层分布可推测该市纺织服装业	1	0	0	1	0	1
128863-0	为我国某省三类产业结构变化示意图，完成下列各题。该省最有可能为	0	1	0	1	0	1
128863-1	为我国某省三类产业结构变化示意图，完成下列各题。该省一些山坡过度垦殖，下列现象可能会发生的是	0	1	0	1	0	1
129333-0	工业产品的学历水平是指生产工业产品的工人平均学历水平，是在对学历的5个等级初中及以下高中大专本科研究生及以上分别赋以13579后统计而得。示意我国工业产品学历水平的变化，完成下列各题。据图可以推断，我国具有优势的产业是	0	1	0	0	0	1
129333-1	工业产品的学历水平是指生产工业产品的工人平均学历水平，是在对学历的5个等级初中及以下高中大专本科研究生及以上分别赋以13579后统计而得。示意我国工业产品学历水平的变化，完成下列各题。2000年后，“学历’’水平变化的主要原因是	0	1	0	0	0	1
129783-0	我国某地某时段气温变化示意图，下列问题。经过该地该时段的天气系统可能是	0	0	0	1	1	0
129783-1	我国某地某时段气温变化示意图，下列问题。该地太阳能热水器使用效果最差的日期是	0	0	0	1	1	0
130355-0	以下是不同天气系统过境前后的气压变化示意图，回答题。图中的四条曲线中，表示冷锋过境前后的气压变化曲线是	0	0	0	1	1	1
130355-1	以下是不同天气系统过境前后的气压变化示意图，回答题。冷锋过境时，下列天气现象不一定会出现的是	0	0	0	1	1	1
132244-0	电线会受到所在地的气温降水风力等条件影响发生长度变化.，相邻两个电杆上电线悬挂高度相同时，电线最低点与两悬挂点间连线的垂直距离我们称之为电线弧垂如图所示，L为弧垂，单位：米）。图为弧垂示意图，右图为不同气温条件下。电线最佳弧垂随气温变化曲线图。回答题。下列四个地区中，最佳弧垂的年变化幅度按由小到大的顺序排列正确是	1	0	0	0	0	1
132244-1	电线会受到所在地的气温降水风力等条件影响发生长度变化.，相邻两个电杆上电线悬挂高度相同时，电线最低点与两悬挂点间连线的垂直距离我们称之为电线弧垂如图所示，L为弧垂，单位：米）。图为弧垂示意图，右图为不同气温条件下。电线最佳弧垂随气温变化曲线图。回答题。我国贵州省某些年份冬季经常会出现电线断裂或电杆拉倒的情况，主要原因是	1	0	0	0	0	1
132747-0	我国某地区降水量与蒸发量的季节变化曲线图该地区降水量为682.4mm，可能蒸发量为1802.4mm，下列问题。该地区最干燥的季节是	1	0	0	1	1	0
132747-1	我国某地区降水量与蒸发量的季节变化曲线图该地区降水量为682.4mm，可能蒸发量为1802.4mm，下列问题。根据资料可以该地区的河流	1	0	0	1	1	0
132765-0	为三峡水库建成前后宜昌水文站多年月平均径流量图，三峡水库建成后通过宜昌站的水文状况是	0	0	0	1	1	0
132776-0	为某河流的年径流量变化曲线示意图。，回答题。该河流位于	1	0	0	0	1	0
132776-1	为某河流的年径流量变化曲线示意图。，回答题。能正确反映该河流水文特征的是	1	0	0	0	1	0
132790-0	右图为我国某河流的水文站在建坝前后测得的径流量曲线图。据此回答题.根据图中信息，该河流位于我国	0	0	0	1	1	0
132790-1	右图为我国某河流的水文站在建坝前后测得的径流量曲线图。据此回答题.下列有关该河流正确的说法是	0	0	0	1	1	0
132790-2	右图为我国某河流的水文站在建坝前后测得的径流量曲线图。据此回答题.该河流78月份径流量明显增加的主要因素是	0	0	0	1	1	0
132833-0	我国某湖泊面积2.8km2，海拔高度483m，图9表示湖泊水位变化。据此问题。该湖泊最有可能位于	1	0	1	0	1	0
132833-1	我国某湖泊面积2.8km引起该湖泊水位季节变化的主要原因是	1	0	1	0	1	0
132925-0	降雨被植物茎叶拦截的现象叫植物截留，其主要影响因素是植物疏密程度植物种类季节以及降雨特性。示意植物截留与降雨量降雨历时关系。据此小题。植物截留总量大的条件是	0	0	0	1	0	1
132925-1	降雨被植物茎叶拦截的现象叫植物截留，其主要影响因素是植物疏密程度植物种类季节以及降雨特性。示意植物截留与降雨量降雨历时关系。据此小题。从地域分异规律角度考虑，下列地形区的植被水土保持效益最好的是	0	0	0	1	0	1
134573-0	在风力较小逆温相对湿度较低的情况下，随着悬浮颗粒物的增多而导致大气能见度小于10千米的现象叫霾。为北京天津河北三省市各月霾日数变化图，完成下列各题。下列关于三省市霾的时空分布叙述正确的是	0	0	0	1	1	0
134573-1	在风力较小逆温相对湿度较低的情况下，随着悬浮颗粒物的增多而导致大气能见度小于10千米的现象叫霾。为北京天津河北三省市各月霾日数变化图，完成下列各题。造成北京7月份霾日数较天津河北多的原因最可能是	0	0	0	1	1	0
134777-0	为我国北方某城市2013年12月上旬甲乙两个PM2.5观测站日观测数据平均值曲线图。下列有关甲乙两个观测点的位置最有可能位于	0	0	0	1	1	0
134851-0	车速与NOx排放量关系示意图，下列小题。为减少城市大气污染物NOx的排放量，市区最低车速必须保持在	1	0	0	1	0	0
134851-1	车速与NOx排放量关系示意图，下列小题。关于大气污染物NO	1	0	0	1	0	0
134857-0	我国华南某城市2012年PM2.5月变化统计图，完成下列各题。该城市夏季PM2.5含量数值全年最低的主要原因是	1	0	0	0	0	0
134857-1	我国华南某城市2012年PM2.5月变化统计图，完成下列各题。下列降低该城市PM2.5含量的措施，切实可行的是	1	0	0	0	0	0
135175-0	为高速铁路和甲运输方式两者间客运市场占有率随运距变化图。下列各题。图中两种运输方式的市场占有率变化幅度最大在	0	1	0	1	0	0
135175-1	为高速铁路和甲运输方式两者间客运市场占有率随运距变化图。下列各题。甲运输方式应该是	0	1	0	1	0	0
138133-0	能源消费弹性系数是指能源消费的增长率与GDP增长率之比。该图是我国能源消费弹性系数和GDP增长率曲线图完成问题。下列叙述正确的是	0	0	0	1	0	1
138133-1	能源消费弹性系数是指能源消费的增长率与GDP增长率之比。该图是我国能源消费弹性系数和GDP增长率曲线图完成问题。2002-2004年间，我国的能源消费弹性系数较高，可能的原因是	0	0	0	1	0	1
138747-0	世界谷物的供给会因生产国社会状况自然状况的变化而变动。为澳大利亚中国俄罗斯三国小麦输出量变化图。完成下列各题。曲线①、②、③代表的国家分别是	0	0	0	1	1	1
138747-1	世界谷物的供给会因生产国社会状况自然状况的变化而变动。为澳大利亚中国俄罗斯三国小麦输出量变化图。完成下列各题。有关图中①所代表国家地理特征的叙述，正确的是	0	0	0	1	1	1
138893-0	土壤植被覆盖率与土壤侵蚀关系图，问题。土壤植被覆盖率与土壤侵蚀的相互关系是	0	0	0	0	0	1
138893-1	土壤植被覆盖率与土壤侵蚀关系图，问题。有关我国土壤侵蚀的区域问题，正确的是	0	0	0	0	0	1
139225-0	江西省1990-2005年的三废排放变化特征图，下列小题。江西省21世纪工业废弃物排放得到有效控制的是	0	0	1	1	0	1
139225-1	江西省1990-2005年的三废排放变化特征图，下列小题。江西省工业废气排放量在21世纪迅速上升的原因不可能是	0	0	1	1	0	1
139313-0	湖水长江水黄河水三种含沙量水体反射光谱曲线图，完成下面小题。关于图示信息的叙述，正确的是	0	0	0	1	0	0
139520-0	是我国某地一河流流量与含沙量逐月分布图，完成下列各题。该河流春汛的主要补给是	1	0	0	0	1	0
139520-1	是我国某地一河流流量与含沙量逐月分布图，完成下列各题。该地区夏季降水的最主要类型是	1	0	0	0	1	0
139520-2	是我国某地一河流流量与含沙量逐月分布图，完成下列各题。该河流主要分布在	1	0	0	0	1	0
139590-0	水量盈余率是衡量水库蓄水量变化的重要指标水量盈余率流入量流出量)，2013年我国某水库各月水量盈余率统计图。完成下列各题。该水库储水量最大的时期是	1	0	1	0	0	0
139590-1	水量盈余率是衡量水库蓄水量变化的重要指标水量盈余率流入量流出量)，2013年我国某水库各月水量盈余率统计图。完成下列各题。该水库最有可能位于	1	1	1	0	0	0
139674-0	我国克兰河上游某水文站实测的多年平均径流量与降水量统计图可知该河段	0	1	0	1	1	0
139683-0	，该河流最主要的补给类型是	0	0	0	1	1	0
